,1,2,3,4,5,6,7,8,9,10,11,12,13,14,15,16,17,18,19,20,Label
0,0.591218303303456,0.5261572301359452,0.30919721046712406,0.2280460090198421,0.14135492441952577,0.15791284139703785,0.10887979693467259,0.14793719340529357,0.09386443887937632,0.12351685440692965,0.1039038929807911,0.1301156606766503,0.12258552125916765,0.1031683316268986,0.10775987382131669,0.12944521101287498,0.08188512667507622,0.10711576739019074,0.11212190947074668,0.10378431512443044,3.0
1,0.6727745860024903,0.46766950940457336,0.3385957286919898,0.15846740912096222,0.12803715224759035,0.12853460225642907,0.11330152804481494,0.11034481124245513,0.12983611295465547,0.08866773941190118,0.07632074812020405,0.07801523755798495,0.08074751565479571,0.0904036039480469,0.10984074019850175,0.10116571181680924,0.13854244882342287,0.1338967399980603,0.09041170316039818,0.10978627216230627,3.0
2,0.5713668630401315,0.6561115407602808,0.25934439383144414,0.203959319535776,0.17326991831540534,0.11711693944748058,0.10494463777399275,0.08664493616433812,0.08051069227092417,0.07266745000645705,0.06931990225821068,0.06771906134742764,0.06703349082697702,0.06719548914737536,0.07645337948946268,0.09679699446457249,0.07799689510021009,0.08038702014154661,0.08316033138455423,0.08426560288668733,3.0
3,0.34986826854262854,0.8164095101198028,0.2673400042941279,0.1312911870960887,0.124545187412815,0.09660266119270938,0.08038668859957417,0.08060802665689179,0.09861166933826877,0.10540316810339306,0.0901446126120191,0.09059694867673528,0.08514353206368915,0.06954627910920386,0.07770564490522039,0.06530574116194911,0.06831934030155877,0.0856300612494865,0.08341090319775597,0.07772980294928496,3.0
4,0.4181925263570407,0.7891430954872036,0.2148065185465488,0.13980163375372728,0.1356649331753341,0.12573594923173925,0.0786674623079748,0.10328124295075304,0.07720034995278494,0.0541440718526161,0.08847227216999787,0.08892917679132284,0.09223931006819097,0.0956273674854603,0.10288066874704986,0.08232090526167804,0.07832873163206859,0.07606610308702468,0.0862152221184112,0.08133997061967342,3.0
5,0.7208960992858381,0.5398430775134622,0.2394453290266021,0.1476623844187861,0.09239141975692794,0.08536111631588446,0.06491150646340751,0.08025533482357429,0.07845231862329928,0.07178071996000089,0.08237873890876195,0.08110061381708096,0.08711947612718189,0.06160762599326676,0.08877949177760028,0.08204950947552826,0.10094956183501039,0.08890745332494951,0.08866809352231722,0.08145855424669438,3.0
6,0.4121585496313814,0.7557450256359547,0.3137434528147749,0.14490388291576947,0.1359648876511922,0.11868082118022742,0.08800764728653872,0.09118654295433869,0.07647158464100541,0.07366151584271909,0.08597762103895609,0.08277179746731027,0.08522485256849369,0.07533375306836533,0.09508341283742525,0.08713565119064078,0.0850913810963247,0.09620500415884539,0.09156270478474485,0.10460368715505833,3.0
7,0.407839030082511,0.7075236354794101,0.2722251618147964,0.17703072632185288,0.15851223701030978,0.12456698611232536,0.1349545901920291,0.1351990633469168,0.10145992846875031,0.09492919557010776,0.09907670467603152,0.09925457020348746,0.10883786417939612,0.11043198017641709,0.12799753466949373,0.10034271126666568,0.1216024325622782,0.11278842580510028,0.12021112919894407,0.13809874174131034,3.0
8,0.5540052413066018,0.7082168620902574,0.23746793035196073,0.14018166616912958,0.1329911418806099,0.08300198021531553,0.0664139872987344,0.07054067971814679,0.07118038754964,0.0744934643355696,0.07353675306685858,0.06050550580707403,0.07154096134280655,0.07556117486728825,0.06816393919118885,0.08352746998948433,0.08835786734844345,0.0976642719803523,0.09618901990805208,0.11300162880273339,3.0
9,0.47060251464662484,0.6172532823230561,0.36314396584888786,0.26021528799789817,0.19364049077625925,0.17209090885247022,0.08125411250820617,0.08746500761023425,0.0866627952203999,0.052669482523731874,0.07806298844461595,0.07228412167635882,0.11194664267878873,0.097349503838724,0.11705995251905185,0.10625896747923126,0.09977374067121414,0.09876838784184408,0.12397220692491759,0.11356243043936773,3.0
10,0.6087011989318475,0.4661565516616481,0.4050162796597905,0.2718902699884664,0.18891309683977736,0.1665263101802383,0.12386480729589501,0.09649222179714427,0.07389264902721566,0.09721769643496017,0.0829357061440142,0.08683579299358389,0.0819156186611409,0.07813390313885275,0.0699680251715072,0.0704467162788529,0.0764294663227435,0.09079208795320182,0.09422238609608877,0.10573528174360852,3.0
11,0.7527030219787603,0.5510897910011134,0.23292903979253685,0.14579687222387663,0.10490976698428223,0.06421545673323711,0.0524025580438624,0.05668695694590042,0.0539579759285164,0.06915689097395304,0.045814833714624095,0.044128796129671195,0.044128120283075695,0.048551805232618525,0.04120774702498824,0.05053058661284552,0.06893492980460199,0.058116554180402485,0.04269116775775176,0.05373866557206273,3.0
12,0.7577092396985745,0.49161357539734213,0.2515317702754701,0.14487709156477574,0.10765035736589118,0.10014760160813355,0.09621160697137594,0.08011129480604476,0.08062641462984024,0.11228818334144577,0.07205508391673404,0.06124768263527185,0.07910182799100787,0.06551676789762592,0.056544651868941136,0.05285135774853392,0.06438496382341934,0.06141430495302359,0.07682173484817205,0.06504817690498836,3.0
13,0.7449965051179521,0.46500603539149005,0.2368315470141958,0.1810206584838269,0.12450720903442072,0.11958943653814494,0.09407682816602764,0.09258573745101914,0.10001772444190014,0.10489210742209837,0.09572529811741132,0.062369174991669746,0.08410903996192426,0.10090605275182381,0.07780540914952595,0.09563315715831328,0.0786494438191847,0.0825964668775677,0.060530967544594146,0.0973595765172775,3.0
14,0.605793052885314,0.5805704169425517,0.3190867368277964,0.22429411928645826,0.17122131485127265,0.0843945543649278,0.10388221017276811,0.09602741865034452,0.11988792331189185,0.08905546937938046,0.07961802254118341,0.08109481312330301,0.07961174367671195,0.06891372749069988,0.06921772411706842,0.09475206317631164,0.08632451996454167,0.06470541690165885,0.10103640587446092,0.07385103837721355,3.0
15,0.6057878202353061,0.5607561276726709,0.366779316028779,0.18860538634061894,0.13890825605357196,0.12654754226476458,0.11678590805832027,0.11838491498138154,0.08166805286797545,0.08103523584767522,0.09582418433698948,0.090059257455183,0.08759217122680378,0.09739539996056534,0.0797998027156982,0.05934017453372108,0.07390243921308011,0.08890645169193803,0.09231856089793959,0.07775228095070597,3.0
16,0.6189749393038549,0.5418568536615183,0.277931958078037,0.20064106566040388,0.1579514427910669,0.15434316109411486,0.1458124491874872,0.10136411942373301,0.12331100273380576,0.12500562255090347,0.10703546048705144,0.12980919233189747,0.08984723160932352,0.1068584178669814,0.10625344487101615,0.09258502839027026,0.06842885177494895,0.08779820637533216,0.09609678385528374,0.07303465568637305,3.0
17,0.5425115470867422,0.54401873440561,0.23178313642776632,0.26859539206356736,0.17527956750041346,0.14783874693536553,0.1555596378751977,0.1653949277270726,0.1423163997013695,0.16425117407446665,0.16104376670139195,0.12976828802971954,0.12060133870943401,0.10058957839526186,0.1105688512076355,0.10592130112066978,0.09138225178249366,0.11677051020898017,0.10250553026085861,0.09547735863815474,3.0
18,0.5643359243903352,0.6498406726870746,0.26983841970997097,0.195779929657269,0.1564335431642128,0.11216217092601619,0.1041325059292624,0.09208749629241408,0.13331722554836795,0.0922472467877957,0.09623598535000098,0.10135062420903121,0.08031974054798084,0.07036276685942727,0.08113553537200716,0.0749289281578569,0.06519870936021428,0.06915874880286105,0.0792369063652499,0.08358156184614565,3.0
19,0.4023854169986785,0.3911609774937253,0.34573140392055757,0.395373118267663,0.21083013757188193,0.179339092328958,0.17453980261941862,0.16151313503781503,0.21140642881604121,0.23565295820121923,0.18682689462267085,0.12476362196850524,0.15524770072187208,0.11957946434946783,0.13183448468833697,0.13010652001305636,0.10670091616460077,0.11417932367465361,0.12814191736800587,0.10871859606374198,3.0
20,0.763311280647984,0.45232725283587155,0.23095812093538104,0.12208137547993414,0.07692497719175921,0.08051354142061762,0.08128764888786996,0.07028636191229527,0.08985972422888552,0.10184193399362408,0.10001820441985029,0.08979982075895467,0.10386107565627911,0.07679872596485275,0.06927461127368853,0.11394935827383107,0.12792070566025732,0.11751713507955173,0.1030614903031937,0.09372429571963532,3.0
21,0.4102217182681752,0.43425375513186604,0.31669320081402086,0.28126674518944733,0.28208954185068874,0.1677942830523189,0.18171690834941015,0.14731324229663614,0.1342973914176874,0.19668678315091093,0.2176426902128608,0.1843277064543345,0.16387708726800937,0.1466973048385759,0.1405710503154224,0.13298132472824786,0.12565185341340454,0.13038037951597778,0.13992104640804973,0.15821722003294303,3.0
22,0.4878571681926087,0.6079816597623001,0.3302193794770686,0.23320770090711576,0.1345042409739549,0.13212669298569574,0.13009593251826457,0.10733639198993859,0.1471752305283055,0.135641396460321,0.12745381025385008,0.10305254807320127,0.10282082938680423,0.10701499735788314,0.10073878918299783,0.10860672305651332,0.13007302836415288,0.08604415847516207,0.13877878837754554,0.10224710777217713,3.0
23,0.7283235210197435,0.4420944763342118,0.2834110310235165,0.19101765825418685,0.12132133329924624,0.12465194449684444,0.1115825229039834,0.08730987360920692,0.08594525540912012,0.07841002237227716,0.0902186736824956,0.09329164566862125,0.10624807979942062,0.09476024877423422,0.1027438063122637,0.09590946918280743,0.10900014843965983,0.09371140036760309,0.08496254798131497,0.09314016510615863,3.0
24,0.5928271472542413,0.6318385737995399,0.2064103909691624,0.13920566030882228,0.0934119856041778,0.0913941999800917,0.10883843614935608,0.07862971596937052,0.10683501666703034,0.1122014851963238,0.10091046791328855,0.1070916711927636,0.1279272741115171,0.11097664913690723,0.12293485955599685,0.11007398796025236,0.10013252568421332,0.11019071634045104,0.12859084534325474,0.10943654355690602,3.0
25,0.7398231485745029,0.39093556682298003,0.3204084196952051,0.2270608124345089,0.1356487035044019,0.12461915400404107,0.12037990647746456,0.09448467601538156,0.10018029766412316,0.09177208184707752,0.10821063193523262,0.10193674722002227,0.0791656488486922,0.06875868929779295,0.07469038597851697,0.07393750692437775,0.07915133116246151,0.07585872426853604,0.0714434849109103,0.09241687143834529,3.0
26,0.522249437603679,0.6938843039986622,0.3093921674135873,0.12898277190672616,0.12222296149610924,0.1140395799886049,0.10367505588247543,0.08588386597731683,0.08405388574532306,0.11144165946330901,0.07887852718359854,0.08761065117983201,0.09117424748055464,0.07261979649918208,0.08245357639540077,0.08160948708067048,0.09114477462356074,0.06863901238430925,0.09100064491640517,0.07500244971143005,3.0
27,0.6437738750267421,0.5778879296259051,0.29046177779663673,0.150453561323785,0.1632145815488306,0.10105406594309281,0.13499425887853247,0.10819417133512559,0.09179343522026605,0.10093264183842796,0.08176642521907103,0.08768571546293866,0.0792835697725804,0.0779588482486912,0.05958277582594363,0.08606762066752936,0.08912958084740177,0.05893142830170954,0.0597088606514992,0.08077592020563244,3.0
28,0.2885579345432097,0.31216817484998793,0.2644672262967263,0.22768347339896314,0.22608142082412694,0.18639734549123707,0.2053909734770592,0.26128734832931183,0.28438202594460527,0.28923195356962705,0.2105059831493545,0.18317705343169613,0.19673515765572666,0.17520730336091753,0.20480354187824695,0.17512570442469252,0.19166774068537304,0.1748919916221306,0.16133275768208366,0.15305778411152596,3.0
29,0.27018782546398323,0.2615817789985067,0.23901807241746523,0.34431672349940523,0.25027142195680785,0.19269093327450795,0.2545882816623101,0.2774634063698676,0.29794282881885104,0.2769091268737166,0.2775072129242083,0.16904778253649813,0.1783050682116908,0.14964565630339915,0.16528927103174157,0.14466036150043732,0.14166252780033853,0.14129709911672447,0.12171263263534497,0.11404543632323945,3.0
30,0.6620126548053419,0.4133193834579393,0.2582343285524154,0.19124287727889586,0.18680823318464193,0.10139513061415385,0.14270268829446214,0.1145153474191999,0.1484383767718794,0.19119879331824322,0.16961557511710082,0.1496123738560692,0.14619588556088578,0.12723106888584962,0.08316939731575183,0.09886303339068099,0.1304980191669998,0.09341453499183669,0.09640856592865697,0.09972226050978647,3.0
31,0.6465330637842038,0.3651557473295986,0.19635056463085523,0.22798771365361792,0.1350234133400029,0.14211215199508756,0.202267584221317,0.15732194709474667,0.15624513574848875,0.16848480652580408,0.21689345063284518,0.12841192484760539,0.15178108341501967,0.13959109408813533,0.11919947467052333,0.10898034432212171,0.11515283281902108,0.10424797990775195,0.15058965819536052,0.14929585726103606,3.0
32,0.4463161197905297,0.4748346015479756,0.3707960969810826,0.2841912263588125,0.2181686547320672,0.19792586207375534,0.20921474795222655,0.15771437306700167,0.1493707058679513,0.13459565828608544,0.20506384814806458,0.15602879016102025,0.10431233003990377,0.12779574532095775,0.09996974328063704,0.11608588106309288,0.1115849690490838,0.10674763977370948,0.09759428676730227,0.10385283683220506,3.0
33,0.427258547081605,0.52778443312236,0.366992006016992,0.303171147612145,0.19929519381949146,0.17929722267070805,0.16613876460748625,0.13278059674293943,0.15518023140913662,0.1667816425817425,0.17209070494321424,0.14460930748651307,0.12660334401832285,0.0893886903118868,0.11759247110810106,0.12092518305996014,0.11739511417131519,0.08567219139679906,0.10699085663811443,0.08795968993226673,3.0
34,0.43128760328483606,0.4563867059863812,0.43991039202780513,0.28458609914182964,0.1742796249365258,0.19035697667781773,0.1514437582580509,0.10719093733050161,0.15407263403139101,0.18387106037446382,0.1639346799883839,0.14960758792253825,0.1292617246871176,0.15489684158099357,0.12214621297803688,0.10112079653023744,0.13284296027702774,0.127360326880156,0.10981966565855097,0.10760365693681793,3.0
35,0.3936941259331822,0.35281412809928553,0.3348221205621522,0.29438956827752233,0.22247059890994614,0.21880465050660733,0.21591411774018562,0.2088129313216795,0.19906647963262672,0.21484507881933204,0.19102734001810412,0.19743037667652186,0.19565742009300605,0.15092402731930785,0.13804882656480036,0.12395732975346924,0.14668550769265148,0.1420162203524636,0.14346174497638708,0.12312714554120711,3.0
36,0.38960491640575723,0.4524521851866326,0.3292519697671041,0.28167297240179257,0.22138127319872403,0.1705821092765501,0.2067170960989581,0.17304163454001117,0.16593356402777462,0.15416124535216816,0.20963578852195944,0.15706235949974498,0.18058328254515366,0.15808045114095226,0.17932060407140302,0.14023161050252636,0.14867092916132452,0.15407434471615297,0.12597748907378406,0.11797041983259994,3.0
37,0.5247752700192756,0.4295209628073692,0.32277899913594604,0.24732461300037192,0.22883201253616023,0.19255375980032763,0.21672305597414612,0.14612889436260917,0.14068252223493005,0.15442698324599433,0.1623175968663517,0.1334188261247155,0.15256717336074846,0.1227267080750264,0.1314838626647587,0.10850457520972985,0.11653982130255186,0.14937015005694665,0.10679126389298929,0.1204960674602887,3.0
38,0.43566969858755233,0.5219892710411065,0.42406573922361285,0.28627585238983466,0.2317214973351749,0.16299333392845072,0.1545179944644989,0.13968265348821055,0.09759234479575012,0.17679262180204655,0.14809164631760094,0.12052354466262313,0.11467956042090431,0.12086053168187627,0.0747466648518824,0.08612058400822079,0.11310795850642277,0.09508218608096441,0.09220114260615883,0.06285091234555276,3.0
39,0.4645851825005531,0.6415906332916289,0.30268880739974224,0.1933487308259096,0.1900091916097089,0.12533259216870216,0.11571640331491838,0.1306146204247349,0.13726801220816479,0.17716451996049679,0.10289241608411026,0.09342795338982932,0.11056323592594948,0.12717264945967105,0.1094000624185025,0.12397015885122079,0.0766525069526856,0.08081967385459533,0.11656483554948376,0.09990658487989085,3.0
40,0.5796552705436587,0.5133929565890366,0.3272274227056544,0.24857126295081114,0.14228098312642645,0.13852572334214877,0.13314345307832864,0.1310078908778443,0.1425069453317524,0.13996050503406812,0.15173287590880608,0.12281725169916045,0.10052640196245856,0.11254549542274198,0.08714084274036223,0.09327207363136455,0.10247426409535504,0.11752784263846838,0.09512076877173017,0.08250686581377664,3.0
41,0.5267921347882248,0.5899909179807517,0.3180892714337737,0.18563222627115805,0.17912869391689384,0.13860905373796145,0.13817794418066798,0.1234411605896689,0.1316863500927915,0.1525233691335489,0.13817529461890013,0.1145537786697241,0.11226751418344366,0.10065617694752042,0.10117204634977225,0.09619426565830204,0.09221197762376226,0.09670134895155788,0.0892103885885546,0.11078404901994555,3.0
42,0.5085922428043022,0.5076630415167844,0.3164982729792851,0.2811102743475907,0.18811016130929936,0.14030818310978901,0.1543272612241683,0.15545062761908687,0.2202752823104378,0.1475566113467801,0.14115518892122592,0.1470874887804206,0.13324843446864873,0.09814415900173527,0.10132949005337005,0.10078325558984802,0.12275101573274283,0.11219809184536475,0.08688173720242857,0.08058363281785055,3.0
43,0.8011020052975362,0.42592857436747794,0.21474126306362157,0.15565813079511756,0.13406848915032554,0.12849175760759965,0.08929538034787919,0.06513364407346608,0.07613279184133043,0.07153785475097253,0.0689284777302149,0.08110237675404508,0.07013428357924655,0.07104708670609088,0.0711476451421885,0.05789601310746216,0.06305517130134852,0.05429967081873368,0.062374556417777074,0.09131583333015685,3.0
44,0.5033521020147665,0.5088710416484595,0.2941750642500109,0.2679918504723273,0.18481907249383464,0.1874953870033869,0.15381666387671286,0.16836444531015918,0.1925235223113433,0.19261207471937106,0.14281287571838694,0.14186360549516133,0.1336797603960316,0.09122258306058281,0.11913481987103731,0.11494836305428406,0.11496712549337863,0.11584576510547542,0.07556394207794644,0.0858975187497076,3.0
45,0.5479947768953267,0.6138178392750319,0.35437123230128154,0.19984239893580474,0.12937242706664792,0.12973094742197566,0.11098814783750713,0.1102031772425294,0.09858371446749195,0.12175201677146827,0.12173897324010895,0.09239602546137081,0.08838299574238492,0.0852105184182155,0.0644323367041015,0.0873471284731954,0.08161433263765744,0.08764029472473603,0.0758625732688155,0.06732746728459632,3.0
46,0.44569988090655593,0.4506011907428419,0.25142985731506085,0.2715891526558633,0.25929260211117816,0.19454644037847477,0.20338510106615051,0.13905699679683498,0.18151619213478445,0.2215636236406183,0.20647512759680745,0.152017548133062,0.13570125687993606,0.16782713259936033,0.12220285581366679,0.1100184355856866,0.16524196578076214,0.1348717358715016,0.1367986006512678,0.09970868364483823,3.0
47,0.6154967816492071,0.45830841599150246,0.27021996955465183,0.2001868057646827,0.14308631747030326,0.1455895791267815,0.1652632369740866,0.17308828866029582,0.24006316156075386,0.17459135228744818,0.16049639525558193,0.12759328009392795,0.12814379868728365,0.08096841681705638,0.06921668765137996,0.0921578162737146,0.10655596489178265,0.06234721206932242,0.10841793418260784,0.07532514904234433,3.0
48,0.4781608954831792,0.42054384194388544,0.33979395130205,0.23984848491623895,0.18723374077829838,0.17289026368111252,0.20207129486998213,0.1701112079695384,0.18910219228518127,0.18361401456148238,0.20939649384477543,0.1556986601676175,0.1705919032782594,0.11514919938372165,0.1484272401770429,0.15861643327036645,0.12401836765981772,0.14515654119155816,0.09927223950304455,0.11567300129030408,3.0
49,0.5678392914405359,0.5157315986218793,0.3593380059059435,0.2230517820276361,0.17044616440029564,0.16103171129999436,0.14116321870120657,0.11205378868820398,0.1095103055970083,0.14366543258633077,0.12721425797289307,0.13179193469695358,0.09262875874145843,0.10400824608446711,0.09374614448977649,0.10652487905659612,0.11119770227290145,0.0899648422850343,0.08532932002521643,0.1085316223748462,3.0
50,0.5360845938295068,0.5079865123380513,0.3706781895671375,0.24410323020286948,0.1882115427777268,0.15426421398051907,0.10852892238029666,0.1230242457978182,0.16026964197036409,0.11330577978641451,0.10922503212619233,0.10029587118493576,0.11633823168267104,0.12689632799683925,0.13411072455307135,0.11692645936983792,0.1121519798933491,0.13659119392365418,0.09060575414163219,0.10092810982051106,3.0
51,0.5519982857932622,0.5141699465208974,0.28170357501631926,0.16999852216595013,0.14281148671269692,0.1440115826714646,0.12847869879856974,0.2138058628121615,0.23162803150178732,0.15633335582449331,0.17402105469265564,0.15291087131839848,0.12470740562488417,0.11866321998180018,0.11401157652361871,0.0907819902456315,0.10497540075164095,0.113944533183057,0.08353006348011284,0.07554126659488845,3.0
52,0.620248987031986,0.3840810225130605,0.2952874623276854,0.20824788656030196,0.14009820299341105,0.18734243614543633,0.1381828293520373,0.1924640260340614,0.19781483501399252,0.16755869638193385,0.16599095568589162,0.14048201874454064,0.11111712471265327,0.10586244907885106,0.14257811254655872,0.10485091975000906,0.11235524827138255,0.15096525260872834,0.11314262938195156,0.09361149737969532,3.0
53,0.6317534243338027,0.4914107575649029,0.2837434318874088,0.18324477783700696,0.13827687745860326,0.1326071954291147,0.1418985901289541,0.11945511458389714,0.151081204395035,0.13378242125690762,0.13660094878372922,0.1295594389506511,0.09974062279814486,0.13262292566083053,0.11448442158403559,0.11738068729024158,0.10974604908610065,0.1095357226976682,0.0981164881838862,0.09972164854164767,3.0
54,0.6666187402484478,0.5096301803079472,0.27536072392328925,0.21469697651445635,0.15227163785692227,0.10020934329214799,0.10544163123122875,0.11834653552252421,0.07649525388706782,0.08217407690632861,0.0706907984021165,0.10319932625599645,0.10247405700903381,0.09589360494111565,0.08580015841735372,0.09706636644558839,0.09892651378643985,0.1062985164364855,0.115341318167177,0.1284714194179261,3.0
55,0.6514073538060858,0.37141401043843547,0.36475010416067966,0.2157406813471311,0.18742171920221837,0.1580479324409937,0.12078805457377884,0.14237366884264951,0.10366060693799527,0.12019672170711661,0.13971819109841901,0.10188619434248634,0.10218423334982424,0.10110302805908213,0.09648115289715556,0.09359408640154007,0.15416857897398192,0.12844191333710595,0.10331625162049321,0.135650928646079,3.0
56,0.5229554328077148,0.5335562870929409,0.3247495755725515,0.2336004871779688,0.14255013149178578,0.14443281064895253,0.1518867621874301,0.11401289665831109,0.08616909936574015,0.1502590021186971,0.11379083782778207,0.12392059369835755,0.12530943604656553,0.17297452869701635,0.09310350451082032,0.13807722731008415,0.13465005831993387,0.1493180263898713,0.1299579146021684,0.12479814642849794,3.0
57,0.8984687072271647,0.2958962490213756,0.1819585450893919,0.10268680587048437,0.08231392536125723,0.06736271464208408,0.05669484253213164,0.04674679838442747,0.05270354063460519,0.0556661955311502,0.041525469225104285,0.05240371976574753,0.05207414125797248,0.05910504388783514,0.06961606815293665,0.06291028535861841,0.059820014875366076,0.06628725441422857,0.06329249884189679,0.08659395336632775,3.0
58,0.5987215596798215,0.4642980843411258,0.27288231391033,0.2198568467142607,0.10734577724874325,0.09979580365853463,0.1250323364294845,0.11651942357179493,0.14500189783981493,0.17631039827416856,0.13425635700309832,0.1286191724874404,0.129507170102342,0.1601214668385675,0.14445389487164664,0.11220486522652512,0.16047098833496923,0.1505033243301093,0.1240108531400483,0.1616740980166497,3.0
59,0.9065879808527487,0.2623686268954336,0.16338414880951943,0.08207560576999398,0.07779057230398796,0.0513772324484215,0.057697717757275786,0.05813422078874858,0.05883439606243822,0.0698429983772311,0.06915664231819997,0.05878434059321382,0.05431238555996863,0.05777988986332186,0.06272390698459324,0.059789529514389636,0.06930805695368382,0.07773849408550806,0.08531219143542766,0.10922589483869989,3.0
60,0.6268194582122759,0.4863248622698572,0.3580650561512695,0.21653491157546934,0.1428981509750195,0.11850043820377969,0.10900550791273851,0.11778195694294535,0.1081809626737552,0.12585464739505176,0.10619462798318682,0.08538320062798778,0.08984187057445281,0.11038355145567284,0.10511669118500029,0.1093069417033514,0.10256991580034164,0.10121631806470838,0.10395256550596907,0.11973024413367586,3.0
61,0.6976258685041837,0.4796529160153034,0.25857566108367486,0.2034829382470798,0.1760615574967592,0.1401929245428266,0.11547540770584046,0.10230856784917185,0.09258405699493193,0.08868494548480654,0.0852818299675843,0.09221365087609362,0.09096423358656582,0.1065902801777826,0.10994058830035097,0.0651150402739608,0.09954804293198172,0.08690479689032203,0.10002299890700751,0.06991634360201959,3.0
62,0.5761698662266358,0.5798034609553195,0.2872781817022184,0.21720468555902156,0.15200864228738759,0.1018460533282265,0.12226465723642609,0.11652699195294935,0.096125399086319,0.08365967929546704,0.08050476068288143,0.0969260436659914,0.08783873541645963,0.11902600837149134,0.1237590378096409,0.10614001618401434,0.10985747861142382,0.0948445732306106,0.14726138288340063,0.12966708048409006,3.0
63,0.5957331735333103,0.4829325577341894,0.3157048016132911,0.29583974107339694,0.17155672790235912,0.1300233922524749,0.12863174950952624,0.12467444372397218,0.10215771952202365,0.11797379163016142,0.10159714234859295,0.11084167061611626,0.08189289797260445,0.10802062114927585,0.1274206972863396,0.09023315972853249,0.11410277752461163,0.1349265301159325,0.11953797412804912,0.10502880811068709,3.0
64,0.6506900463913172,0.5199820669982549,0.2942432108823996,0.16746814414749636,0.15895361370335032,0.10348817721469591,0.13744440524909057,0.09910182770991541,0.10786588867046329,0.09015997467801631,0.08301172610063791,0.08965472916235806,0.08403818023299593,0.10811435760656876,0.10859045505572024,0.10409489694899607,0.10175731656413847,0.10612289818045895,0.12698168883508387,0.1144366776739812,3.0
65,0.5339514041249461,0.5622236451875599,0.3244158273209854,0.19811499929976237,0.19486923505594786,0.11814798435411128,0.13598133682890212,0.11752348168148483,0.13014760295625855,0.14165775731038296,0.11287579638802504,0.0886016964119512,0.14628367010113627,0.09871730396495214,0.1331395097756641,0.13544494474658741,0.09847848833056817,0.12403786571017086,0.08637432642126833,0.1127550308065097,3.0
66,0.6923630203785787,0.4678829527287534,0.3172772382850898,0.18982826176824047,0.11668179408284401,0.10477378602381772,0.09358945974551892,0.07444976177150651,0.1005616919248931,0.1347311307833957,0.10818166078969324,0.10417944258542466,0.09419819066490648,0.08620787724468196,0.10268464389633707,0.08788985569507227,0.1138693235629217,0.09140034610104933,0.09594061454178346,0.10101963763916143,3.0
67,0.8498019526757188,0.31200527930089766,0.1496504786344303,0.11938381249668541,0.09902176234837219,0.09407523827038404,0.07868160744690146,0.07149233168528009,0.0627356944986863,0.0801025262553663,0.05509150899823373,0.08943594528221674,0.09379599992148982,0.10042650195514814,0.12113713263943732,0.11959717852949148,0.09127190325282399,0.09386667027411266,0.08798846144428872,0.14054817551341134,3.0
68,0.7117039472027109,0.40290072080866524,0.19344521503245884,0.13071102440784568,0.09166864599795152,0.1037682143595686,0.08953691715286846,0.07406895354077611,0.06105239332099524,0.10517725637456407,0.10799900417145933,0.08380747903408974,0.1376820096816189,0.11288409311183642,0.17648492641817062,0.15854808587278257,0.1998333719780678,0.21560753530871804,0.13840006438485006,0.13012591616570512,3.0
69,0.47199113422334893,0.6073580711102176,0.33364739212729105,0.25669093041360924,0.1528147228920528,0.14382261633884982,0.11601541124787365,0.12148822468151078,0.12703419195108737,0.12314329658375553,0.15084042119978944,0.1166319956547825,0.11038741254170074,0.10172065800766607,0.12039065313968204,0.12844513032006105,0.0842394185342008,0.10898396428203923,0.0983200085057713,0.09513423727275123,3.0
70,0.716552029329092,0.42653800967550065,0.29962517588114096,0.1747394710319219,0.14383678038694295,0.12012167482418272,0.10801956762054737,0.14044770924324332,0.11620732061949356,0.13000477753611175,0.11851786302416553,0.12778273383254907,0.09516760996884849,0.10275123653170697,0.09168873948390571,0.07477378830251381,0.08447507527559919,0.08338298939006245,0.07930272074517258,0.05501592880499151,3.0
71,0.728324910607119,0.47749522711462083,0.2615292797273178,0.135202961609124,0.09738333520267474,0.08811641382985778,0.08324931150558859,0.07499900981480477,0.07489253976185797,0.07590450392542804,0.08689332037385761,0.09627992579986706,0.11311054912677306,0.07802109839550957,0.13366320848282162,0.08824090142227249,0.11394827286240228,0.11668562577654637,0.10555633397428045,0.12080674908773624,3.0
72,0.5369372952099644,0.3513167646494268,0.2968542636567101,0.18680915048595315,0.13605689385303693,0.12561056489328642,0.11399769406385304,0.12798965167634335,0.12222515978952922,0.17022411897309592,0.15723811224168202,0.11787456662605526,0.16678288143515074,0.14116570461561115,0.2815925035428992,0.17030738479630916,0.13661405416790182,0.1970526600660216,0.2201929305982772,0.2388172054403069,3.0
73,0.5149581826323507,0.4362144390410597,0.28030173465694336,0.2225066798835031,0.1834581599969853,0.1658817269983543,0.13496586037869163,0.14076284697604619,0.22456147551471434,0.1872478846641092,0.21827308421039182,0.17819162060236698,0.190766150608677,0.14097543921648922,0.13889862733146188,0.11059534103158111,0.11671765958216777,0.14445389372665557,0.1225003268560937,0.12280837099194739,3.0
74,0.5356970111727115,0.39756948461163605,0.3761892012158501,0.286254526394036,0.27500856198400814,0.16681256527240163,0.1961859690149651,0.10513667235309444,0.12190653953847674,0.13670142879042682,0.14105766962725536,0.11605230903648452,0.1142641218410334,0.10305607706140343,0.12762664804195414,0.126808120578875,0.10882420854949447,0.12964003590525522,0.11571031739407771,0.11623567866096433,3.0
75,0.6256821021860373,0.4546393230021212,0.3258272702657757,0.24348758934431264,0.2093912652671712,0.15044114206083817,0.1307535271279427,0.1125929971372315,0.13020970579594202,0.15177935061866957,0.10257989334556789,0.10707015361329891,0.0885560623083128,0.0935363996500083,0.10778051613364827,0.10299086992609405,0.10023251538652012,0.09579257003265769,0.11119131104910628,0.08800570549533322,3.0
76,0.5892160177320789,0.5054370797287728,0.31408526034470907,0.23841012488419253,0.15288316802630156,0.15444342706287204,0.14895038133021343,0.12444420747961628,0.1286308508256851,0.12323174987071595,0.14012804650853758,0.14053976021825204,0.12677118536202553,0.11715008095557093,0.09756414793111219,0.09721500455771734,0.08981732940963084,0.12460253646098689,0.07574768953832008,0.08806694375914487,3.0
77,0.5250473849533492,0.4331488476427786,0.2710451030892877,0.19037891809612625,0.17783390385147077,0.19600173900176537,0.16262086577956383,0.22806207652645874,0.17508558655237674,0.22127288115987898,0.19029142770255023,0.14744875303744592,0.16106807651328295,0.17124235389066336,0.11315713705008408,0.10918186419082261,0.142658365583973,0.1317485211339601,0.12306932847075568,0.08990251681620927,3.0
78,0.3207651711556914,0.4148782052897365,0.29294234997884105,0.22620675366996415,0.19209570523023856,0.17715711136544246,0.2039512411495412,0.21460750281041122,0.2576506538831357,0.2842990623910661,0.2772056412194017,0.1793229802243472,0.15508906050598428,0.15061121797620627,0.16468944651365497,0.1435778868834319,0.1442529323691212,0.14876079787711619,0.1517390721038733,0.12416379986001701,3.0
79,0.4273746173982711,0.3916879089324091,0.25822052674064266,0.23149243623331783,0.21466738398934493,0.18186240101732937,0.16688381248961387,0.21180713904872528,0.322369847881407,0.19498520164283598,0.24912300941299872,0.16077126056099028,0.16597785563659603,0.15531867455421394,0.15962799976899653,0.13819606724670463,0.15937169546584415,0.12127917110104229,0.09392992421983629,0.12947055524053588,3.0
80,0.84272262678745,0.37021920309082146,0.13185763449575,0.12308701847017822,0.12029788046453228,0.07932560759200295,0.08496165389513062,0.0615143788901994,0.12906129301305264,0.10389890235868103,0.08114365445900087,0.08676715683094349,0.08756639703922178,0.08427664512432465,0.07091021987649059,0.08606557728056385,0.07808455704387757,0.06809627428518358,0.07682082822363133,0.055195028652570956,3.0
81,0.5651264196234745,0.5370309818762165,0.34475733881010545,0.20489646612563645,0.1737166641150914,0.13925783392008872,0.11117322049718611,0.11637798995148314,0.11874859162299964,0.14559056067703238,0.12592555785733547,0.14224094414673105,0.11131118988295495,0.10447123964504937,0.10649610308392246,0.11104629863195996,0.113708278151252,0.11170346807053312,0.08449781705255086,0.07074117094186798,3.0
82,0.4764929410326274,0.44661260879978404,0.26686323597033784,0.20890384339974769,0.21063759717276243,0.20369983435651792,0.1798780361623521,0.21470991213414573,0.2084697200259344,0.2353923115674763,0.19367719737172095,0.18780962317563019,0.15044092794999128,0.12470862491314867,0.132177919379529,0.1228000163350078,0.1306819220969485,0.11530919256585696,0.10057367358065444,0.10695561485679818,3.0
83,0.3000682557756904,0.44469775155806657,0.2461904368917403,0.22009491607567097,0.19823498735033554,0.23811247701937707,0.2397810617683123,0.20528962925510222,0.28593091134440046,0.21828464044468732,0.18309642449218794,0.21294774519141724,0.20487817652025306,0.176446816637879,0.15079361473676345,0.15814539739696185,0.15696255428775036,0.14447456686739016,0.11114451830429509,0.1432543494718054,3.0
84,0.7727149446740865,0.3684674956001794,0.2220020157575704,0.14891920651819376,0.16850344612079327,0.11400346302415529,0.13891568821431516,0.10877442138542158,0.1157144054380896,0.1326540085751565,0.11152370726471493,0.09002659301707529,0.09833402307641938,0.09820091770304819,0.10321659542074163,0.10135513326283994,0.08201339819465732,0.0913291279582564,0.09627076015035865,0.08401083340737718,3.0
85,0.6472074498049886,0.3867921988223192,0.23254353406609815,0.2242020464517487,0.1718637893962905,0.14855183381990625,0.21241005637680727,0.20168035458773742,0.1389900763037953,0.15100499389081742,0.1665955592052966,0.16436039080185325,0.12676044957375993,0.1183193550252169,0.11321303757095474,0.1065541047371016,0.10412599342891041,0.09267647821965005,0.08306040325053876,0.11097500164054525,3.0
86,0.5636074988909806,0.42555582630840594,0.3617226271208753,0.23240095954784573,0.19125369712932822,0.196344390776687,0.16646215028634054,0.14574438401064116,0.1408426859181155,0.134053401763393,0.13808764614141616,0.15374170895076048,0.12985903375424224,0.12224323062785956,0.10888088289229711,0.12328654447911415,0.11105082416953824,0.10129174864559172,0.13921512446858572,0.1047327750135835,3.0
87,0.49691847096666153,0.4562319270117234,0.33463148429043016,0.19235043183699213,0.1874591717158796,0.16641486070531952,0.1766193195321268,0.20553087697119052,0.20324788048476694,0.18021975476055657,0.14422735523038055,0.16036639643477735,0.16032661433034728,0.11611136256075388,0.13804864570243675,0.12667178179382124,0.13465768855887195,0.1336797499644888,0.12267203875154958,0.1184337802963881,3.0
88,0.5369118673199692,0.4070102120174643,0.26385922426461556,0.2005437627742133,0.17514763111098958,0.1789514827283187,0.18835730890116975,0.21137113227170679,0.23684785490489857,0.2456498003007358,0.15366252353026796,0.15683324889763683,0.12729012275852206,0.1423366729298686,0.13435102333040358,0.11845298223690981,0.12333551400045392,0.14148099001251307,0.1096484235650487,0.1136996451968149,3.0
89,0.544932980575435,0.510976118244458,0.24591649120690354,0.2213908344543053,0.17849599518364462,0.16708930550898785,0.1645499489481735,0.21968834567525142,0.20494074531034007,0.13651806896413296,0.13078127942444165,0.12793000651238,0.12528480471604514,0.14284673221593672,0.10442445166454499,0.10683041170045074,0.13159836953037335,0.09443150898502878,0.10760432429305408,0.08368268888252141,3.0
90,0.3843495923413686,0.5030455779662006,0.3480719557825192,0.27298809920999006,0.1954452470042334,0.18273754588456614,0.16298093476018854,0.16956511731665722,0.22659879712325212,0.20086925352732637,0.1977525157488138,0.15519554010345865,0.11574201943862471,0.13600252005653335,0.12316755447221288,0.13610649093823557,0.11442664636065013,0.11507043033205532,0.1318203557319266,0.11158137329475032,3.0
91,0.5536216793590926,0.5340002865896801,0.2532725506406251,0.1887230458866322,0.15009454875901387,0.15747171893326697,0.14630869117731474,0.1571460197935878,0.19925096515833737,0.17199001274294617,0.16929512216299952,0.16224516132199132,0.12038662048127642,0.11307264411095239,0.09789182270295875,0.10141565998373418,0.12493691712577201,0.10336569744322312,0.10001518248237562,0.08629977167783805,3.0
92,0.5803774038938849,0.5149205183715138,0.2366928902215881,0.21325921068263737,0.14822379661019025,0.1277701866695697,0.12368598332387941,0.16634749333425727,0.2016433927694706,0.22922376508240713,0.14988466154535518,0.14245116648890863,0.10856319886680658,0.11149777323305905,0.0993384302635752,0.08776774430702665,0.09965040621211604,0.0793739003826848,0.10186693301319669,0.1043697051538692,3.0
93,0.7512112131137172,0.34409083260290513,0.18363340281030432,0.12456115332587823,0.11197124237895822,0.1315285649310804,0.14339671626637848,0.19188686297270358,0.24004306617209198,0.1945715051804107,0.12163332570590442,0.12170899602542751,0.08867565311537082,0.06855972364933073,0.09700577789440724,0.10400621201388448,0.07781981060180654,0.07617312567256365,0.08398183942282204,0.06353792772406117,3.0
94,0.5168117930401329,0.3947569223810674,0.2910909873442474,0.19127617625996288,0.17776289348889382,0.17681424165084275,0.14583209348911966,0.16852499321261435,0.23423314721182845,0.24602043275223875,0.19899446461826872,0.15270795140334306,0.15985058586313894,0.16018485842925273,0.14313566966396946,0.17141656233555744,0.14257093757000472,0.12468900897015602,0.13437749269870045,0.09948710955725638,3.0
95,0.6149651421807739,0.5541126096192053,0.36209953293237945,0.2235554283999098,0.1265625152742535,0.12107337156664962,0.11257610867504916,0.08085137898388825,0.0860709223704543,0.0806600549635996,0.07501759612864604,0.08703187059901234,0.08366196082139157,0.08624625547825983,0.0757961988780069,0.08762285606660679,0.08416041727115116,0.08297091563283165,0.08207428970205677,0.09009156520919781,3.0
96,0.5127050593841138,0.4677275496108466,0.2776161280637963,0.2510639239827687,0.21634149823777157,0.1661518546735551,0.17242668534510655,0.16429669520252962,0.1593020431083012,0.19766316135681225,0.1717808521265807,0.14513994531134797,0.12753774029267828,0.12967231475369959,0.12991670891491702,0.13848093988035529,0.12519906664013095,0.1392167859868274,0.1238533531912664,0.11212579517794018,3.0
97,0.6101788913777798,0.5709191084398147,0.25604010979817143,0.18886595862065075,0.12748435680123407,0.11975786482694088,0.129433002625063,0.08866004458155864,0.13616215565491063,0.12956062072794067,0.16228102418757756,0.1155007534175286,0.09040310360674342,0.10489255161932423,0.0751359504826683,0.1109546959026856,0.11310246152986235,0.09507379298986751,0.07248016932167592,0.07797920863167317,3.0
98,0.7809558989577915,0.4196661357415174,0.21375529390359627,0.1309347192398626,0.09633117245653917,0.07952681247330431,0.09761956438983432,0.10467128084030941,0.12335748588769002,0.12031030657978448,0.09031442053515806,0.09790953062327451,0.09787919544692004,0.1044960166062337,0.09075876155699727,0.08856802490325023,0.07478878209207711,0.10841391738341025,0.08023384773097794,0.08522267923706311,3.0
99,0.5809216186654625,0.695968669481101,0.19160555997670656,0.15047687635431395,0.10253945909885775,0.10526226459871162,0.09412434691989047,0.1095203321070724,0.12157650194978903,0.11057850168734919,0.08848191270828612,0.07712444531241136,0.08317169851194535,0.07118669125276662,0.06307085577269818,0.05561777818608463,0.06599680396810027,0.07005545481960425,0.05630413277604799,0.06385605445043689,3.0
100,0.4885989262602304,0.6562702794979978,0.29717965080771386,0.2446203199705893,0.16974898403692712,0.12535267608315737,0.10628636390708103,0.09272182378354962,0.09062213248118808,0.11797481886190585,0.11945860841412077,0.09632859867808356,0.11461983445077009,0.11252882409115415,0.10502598038040241,0.07581931463272845,0.09050311007011945,0.06869138198561751,0.09367007823174979,0.08978066587070464,3.0
101,0.569499025337175,0.5110651824398478,0.3103670292237832,0.21480089083790202,0.16691893710861447,0.14616562380774173,0.17576372038298255,0.12898577935779518,0.1551290770406929,0.15983535678753882,0.16617372355839938,0.12601102335721057,0.10435790975597113,0.10196025950686895,0.11856238267962889,0.11093099941515369,0.09177613283311813,0.09549586420796709,0.101011863744645,0.08221813378478365,3.0
102,0.7076624878546701,0.4395738211261148,0.27720755379626905,0.19425236512319455,0.125767045566634,0.12593071404624695,0.10738704467667232,0.12346000928585969,0.11282365456121819,0.10601457810697591,0.11317287429531431,0.11109965660087129,0.10934590965604521,0.08913139711704336,0.10579700443405327,0.11099921439024196,0.10588541457593632,0.08737891664592988,0.10160802798937153,0.10609029176303614,3.0
103,0.8860172540679233,0.3016611532777515,0.1619439658616737,0.10475789258463279,0.08916084044484177,0.06617499487978881,0.060523500738404165,0.05727191518288896,0.07771330096642727,0.07087878075384137,0.07258775983481301,0.072158244813374,0.06406280161762096,0.0722368091447417,0.06974552176028805,0.06417345487064734,0.06804155133205082,0.09203706808821518,0.08470203283290485,0.08592570054417317,3.0
104,0.5751836827556086,0.24099974401681998,0.15743653112360767,0.20151317896873652,0.17052842548343486,0.1794172310026323,0.14195808119825984,0.23440021081139018,0.3668919420949064,0.2939888986715785,0.2181314174364604,0.15994117381806083,0.1126903009208987,0.12499421829160155,0.11856289080410384,0.11058556425338811,0.14858822692767706,0.11514661713744774,0.11112951308122701,0.11324913918842693,3.0
105,0.4527891424542262,0.2950988156366556,0.1943736975470223,0.17870802535352587,0.15876810778663253,0.1807882771609414,0.187427275062796,0.257919088845709,0.44377476260320264,0.32727384202387627,0.21911838874735043,0.1739948721708892,0.11807924998324534,0.12719327328430846,0.11836539688164412,0.12196545996011277,0.09424773512147007,0.10334433977530356,0.09420630606185817,0.09414058375624133,3.0
106,0.4294008497640424,0.1761372981006383,0.21512737103070484,0.23270347906371192,0.1774619684681009,0.17481146135007197,0.21214974551872418,0.3342074650336028,0.3965992855882989,0.34445284114543423,0.2363720113120942,0.15790303223566937,0.16122143104627648,0.1364202067597711,0.11012922792180554,0.10852490344617893,0.11050716144874817,0.0914923881223481,0.11293960923567306,0.08255366920994656,3.0
107,0.5744212217048917,0.2560581536991236,0.18771237638353208,0.19311406039214762,0.19697843252759334,0.24107124764168592,0.23129641481328955,0.1959656788803028,0.29028938558595324,0.26413367778366953,0.20732492125320376,0.1803170832619618,0.15538948793102475,0.12020109122876324,0.11421634007011042,0.12243313008096045,0.12786763743395904,0.11607049594184782,0.10010464583820763,0.08440263533422723,3.0
108,0.4221194005395554,0.3254446923664153,0.3730540594650408,0.2811935177619659,0.21351523052160062,0.1972884394905138,0.2105104857252369,0.1729000310333024,0.2776216981771756,0.24920027637668812,0.2216713608819566,0.15910838741321334,0.12558628317225895,0.14531724950310773,0.14302515823325015,0.12862984771037145,0.11218719045213285,0.11864156093532692,0.12776335123120058,0.09185262038305497,3.0
109,0.570290043413636,0.3283826684407114,0.2877784657788332,0.20996930921457352,0.17530119727065366,0.16852804938378046,0.1906363333956912,0.16754058532610247,0.2752234247922767,0.23466591376753673,0.19881439482415772,0.16208033433886218,0.15389039780488542,0.1427989283992219,0.11067829710301115,0.12495984381554619,0.11022894983023569,0.13338760409412845,0.09181769650355343,0.09778260339922659,3.0
110,0.5674980669355575,0.3666060156052354,0.36128404872099834,0.21488085809681076,0.1956039002868962,0.17672125239022649,0.17860680025650175,0.16309106928389727,0.16321358566292032,0.1698609957194116,0.17845958336455736,0.18988057359419652,0.154195052765383,0.11358241931799298,0.12218126614497324,0.10802813329471958,0.11345398431341053,0.12637035250311654,0.10603588334757791,0.11000665971692379,3.0
111,0.5958986996161149,0.30758983730238204,0.24895264142549772,0.20659735301343535,0.15259299451739636,0.15508853218495824,0.21481365835851293,0.2542386242970939,0.24587062940409557,0.2291835838034263,0.14042561423946628,0.13992302533802228,0.1753413479276816,0.12616973921305624,0.14509330047820018,0.11286449868991606,0.1554685895365811,0.09781515027589294,0.09873938838982499,0.10628826103351373,3.0
112,0.41318951021750167,0.506312394689898,0.46141656718495083,0.2859482558348584,0.1659513883539011,0.16769186560568208,0.1560048694505377,0.1504702515526128,0.1845012422494341,0.15772669612387255,0.12571591204226096,0.13169671240698505,0.12442780553156169,0.1137940083180814,0.0967864666719604,0.10886060170474615,0.0901666927175603,0.09241185760692815,0.09479658488426733,0.09076550687704185,1.0
113,0.41162712812523966,0.4425359757909433,0.47630660116119367,0.2348643938907932,0.25834131185944836,0.22859350566531525,0.18961310210340868,0.1661123354368052,0.15989184560032244,0.1798530556824254,0.12308581816092974,0.14927720396961633,0.09386715533951262,0.10813487074425636,0.11805666852383821,0.08790361938030583,0.10048486036647129,0.11002310676799777,0.0762510967064595,0.06798993638930811,1.0
114,0.4220510576596667,0.3775397962620586,0.4330264616109667,0.3227589181632292,0.20803727439336117,0.1856080923347484,0.20939013944202078,0.1951343031742659,0.17659125738944847,0.13327283566220288,0.2043398989003706,0.16666438484652635,0.13041521348666774,0.1484819120781245,0.11003527358741684,0.10842381534026459,0.10302338851405789,0.12465503670258837,0.10571611114823769,0.09630605607498774,1.0
115,0.41929095540045097,0.48321629688434137,0.41142045553656503,0.2704718969064568,0.22055579175219553,0.1669563437776607,0.2033329615746232,0.17149144012304515,0.17035721111964142,0.21826157844678568,0.13549919547403344,0.15242828504844763,0.10640111701468737,0.14037095294378465,0.09353506433314807,0.0867679993729741,0.0940544146731319,0.09678124875255392,0.0739460422579785,0.10846527198802702,1.0
116,0.4174479215084854,0.4281793572748609,0.4347650396885281,0.34060668728925914,0.23821887957115567,0.22869461699203053,0.2115560268743676,0.14460142506076384,0.1741759405292571,0.15917075706455686,0.1613999094009722,0.1446312516160281,0.07828464129259899,0.0991923470896772,0.11916185736944389,0.07460529712748139,0.09433969422281349,0.08445829289963606,0.0691764082845611,0.05881112771264439,1.0
117,0.3128938010413405,0.495830007816989,0.46278183243013465,0.3643972784675736,0.23940707748928633,0.21203629481036973,0.17127144142620965,0.1657386044219528,0.16851554595987425,0.16248619235752002,0.17243744659836768,0.12625428817849466,0.11470178559396305,0.094139786619058,0.0777217401795326,0.08852016884624045,0.06637339758561214,0.060716620330745916,0.06038963377052737,0.04594712964795429,1.0
118,0.36333028305477066,0.4639984226440279,0.47150022527570185,0.36377286083784,0.23355596275342108,0.23340507089268867,0.18679566725857635,0.14190723807483685,0.15870878017761875,0.14559883795811668,0.10591251072957177,0.10602794649604298,0.15908189872853923,0.08758405301678801,0.10148602327955145,0.07245235254084989,0.07473319561067458,0.06443044008127809,0.058123766825909313,0.059232175824179674,1.0
119,0.39697137176469033,0.5331083472281819,0.3868402787786528,0.3746391181023253,0.2233968919401431,0.1654091098789255,0.15618586639789353,0.1594118585414058,0.15799096066246213,0.1378609959946144,0.1233166995456574,0.13367115148544634,0.15898711412917338,0.1244808448644532,0.07439841485461314,0.061766246999623575,0.07345007974791258,0.06575744593962721,0.043565265174281206,0.0485344384699835,1.0
120,0.3953372988827495,0.46604918928027256,0.42933753611423003,0.32851371635491744,0.21347728094254415,0.1916657197757824,0.1935919495389038,0.19342793710951234,0.22256805767614754,0.16117640568459227,0.15731571961999705,0.1285960874613659,0.11502528233954906,0.10017491596340822,0.07623947974690501,0.08472321188334264,0.09194944325871506,0.08847440464184005,0.06593006327833155,0.05804323245724429,1.0
121,0.4643950788025736,0.4360028002107619,0.40056726999786646,0.27085924366583597,0.2134596223843949,0.2479884300959587,0.23060226912702195,0.17836713518373806,0.15713722269365443,0.15949290134391692,0.14456314063712716,0.13695659724849413,0.1233172206519706,0.10017539850454174,0.10483148847143642,0.10291560967989788,0.08567387637493881,0.1037427306457565,0.09013345227990283,0.07435433405698508,1.0
122,0.38291892695330687,0.5310893751789539,0.4558354388285354,0.2803133878595511,0.24385878886939344,0.17912172988231181,0.14042074976122895,0.17762167607645044,0.1635604146839063,0.14018178318323274,0.1631208764251739,0.1248338172623238,0.11311290789720922,0.10352461192283557,0.07174733853612436,0.10026122750861143,0.06607899479121959,0.06111122517898703,0.06462980404877544,0.05051473150373066,1.0
123,0.5186999140898974,0.5145650117814677,0.33795504276627936,0.24496376405907938,0.162418964725863,0.1640511612263874,0.1788493150639332,0.20135945462562843,0.19765999902107093,0.17253982197034728,0.14913031210865724,0.10443921137066342,0.14222792251324468,0.10591173648945319,0.07482548347036407,0.07807143291245018,0.08436304829054507,0.07211583578681191,0.06350566413241064,0.06818540375227838,1.0
124,0.32825601941157717,0.6071430481691185,0.33388871703769957,0.3032394908578843,0.25747682298243857,0.18156794521700675,0.1950940983124515,0.16106396924690772,0.14300907572891952,0.1755661856129754,0.13207097362947262,0.1229808437504869,0.12242060456574683,0.1639318788709202,0.10255937572279851,0.08363608440586591,0.0725049374032915,0.06499831071801611,0.04218279467310148,0.04947491108586549,1.0
125,0.6592301329250382,0.3879350504777778,0.2811442488947013,0.1913940311759221,0.15168417081652222,0.13510447807811016,0.14477063164006573,0.15555827518296053,0.18061323712126046,0.23672483714490591,0.20149421543671958,0.14136231301334953,0.10110507451662971,0.09395359285977394,0.10999249020532911,0.08031062453484317,0.10533483036333528,0.07116970730236336,0.07987949609826306,0.058720406852596455,3.0
126,0.8625827195377848,0.2441067697933088,0.16912902369087368,0.10533677066030542,0.07591313745145925,0.0712649025670188,0.070486616848416,0.08484120957122272,0.0841118541774474,0.0840413784847837,0.09000126845182134,0.07569700074703428,0.09313566760066012,0.10769105899876345,0.06401303821521269,0.13580521548089702,0.13315728201087518,0.11387600147046478,0.14643270672341716,0.10360059467785422,3.0
127,0.418883658651596,0.33718414293497284,0.23403132944954705,0.3168490239027072,0.21635676603666626,0.23736495621029316,0.17670310900965414,0.18418563904637306,0.20919217451193678,0.25820989447417114,0.25916282615147973,0.21393374490681238,0.18151557523400239,0.16758155344203024,0.1454004090226848,0.13096257167525885,0.121853584174747,0.1407176300890161,0.111846399653105,0.13239563155486878,3.0
128,0.3840316939434796,0.25739976150705896,0.3313917481206861,0.31618119938612527,0.21976972714373932,0.19294125685091437,0.21949392211687596,0.2103868749462077,0.3433580083260455,0.24900339598307855,0.21395539766528285,0.1448056129599418,0.15455121411325304,0.1269707380191021,0.20490424499532006,0.12128567116959947,0.13293129807326642,0.10506657073748808,0.10494129927366576,0.12425661968451521,1.0
129,0.42987831506054613,0.4508182326736114,0.40343627245569497,0.21595255557358306,0.21837967116852938,0.2085147163776236,0.20963551326502358,0.18650764065481257,0.16816976696755648,0.22164209411073185,0.2225219533196647,0.13213695730446673,0.11628950801051602,0.11567667931956052,0.11383182369539178,0.09402655577764778,0.11872886439290746,0.09496601079888213,0.09278462908687672,0.08866469668582529,1.0
130,0.46857369785646,0.35510693199786786,0.3003414377932799,0.2675835592065847,0.17368698640348565,0.2064888820034079,0.24019168481740072,0.23477099029662057,0.2583569278099254,0.244915448457643,0.142992849230631,0.1898761676547219,0.13718535654958922,0.13712123119340605,0.12108024217296899,0.14307834810779582,0.13590542071236286,0.13171474112857326,0.09051300142025558,0.08318761593776329,1.0
131,0.522757159449284,0.5970132215225763,0.28760452201028364,0.2659686321299189,0.16341043333649155,0.09532304414939914,0.14324677430678334,0.13758362158444334,0.1487265337972391,0.1841387635437645,0.15384507484165355,0.11940352519932819,0.09563116273957568,0.09818635994275916,0.09241442075184028,0.08289304667969306,0.06686810865312544,0.06379761530590213,0.06097129417485682,0.034603918650723486,1.0
132,0.43537935724461607,0.43124983716936954,0.3285615600215156,0.3299222161847958,0.21352551700787836,0.15461200719219215,0.20208511569831422,0.1805499053833368,0.2239955867168165,0.19169325569303178,0.21871324709708156,0.15679147721929623,0.1281423761056312,0.1471174776839099,0.11380949544491138,0.11389923267394628,0.11563039399497414,0.08377283160913514,0.111042387614473,0.0931913134773933,1.0
133,0.5463206995555396,0.488062042441214,0.3736705912105171,0.1953718345433822,0.15143231010324074,0.1578453484419883,0.1308513906236983,0.16731477664631042,0.20144352955271497,0.17217812830597382,0.15259202934191357,0.150378444271307,0.10909617274961292,0.12188018929483978,0.112710614504331,0.08647237244460254,0.09811693753575904,0.0961027189905764,0.07402871326841837,0.0718499752571458,1.0
134,0.4980851706661185,0.3625723266922802,0.32318485682015163,0.25944149536842953,0.24060766612285972,0.2324379592650317,0.24879308021381707,0.2198039975452529,0.23878837217129661,0.17606648293133606,0.16903708476125373,0.13723582907758233,0.13299970447703552,0.11324804632488088,0.11975817570112256,0.11972479200654276,0.09417850905172481,0.10092482935326959,0.08918887423421462,0.0702582641816127,1.0
135,0.8558305996676422,0.34195611641999174,0.10203015369238162,0.12242860507541474,0.07022309686366687,0.08524428515240919,0.06417569079942043,0.07625496027915193,0.08882766868200405,0.09103724202258534,0.10191186845369872,0.09787535463147526,0.08515223021027656,0.08165396540824456,0.08471286938072253,0.08783457399852922,0.08572406764292355,0.0941826182636907,0.10182110568848224,0.10747163212662382,3.0
136,0.37681618069495004,0.2725451232563652,0.2204981766076099,0.20779609409639643,0.15925594495612436,0.20221142045903676,0.29787885548452037,0.2805620373311376,0.44044443296078384,0.29443654868671054,0.1797321401405318,0.16543706293744267,0.15046465704761935,0.08939683046003156,0.10096195800721494,0.13620433792275816,0.1456956239501431,0.08737426052686206,0.12985891799178423,0.11301713032889188,3.0
137,0.6866941853498696,0.22079922917251618,0.18987890931143853,0.17290746743910984,0.15667657070161933,0.18033330621459126,0.1774118442863653,0.19202648388280913,0.23552912378828947,0.20029910619826324,0.17863568648513944,0.1620748402516063,0.16028398260386156,0.14112755337010996,0.1227384506184951,0.12048384317544553,0.14341259488504823,0.12015389112548015,0.11452506757832975,0.1060623070854144,3.0
138,0.7022763050396715,0.389946432821056,0.149539308690265,0.11912979054135595,0.117585875816363,0.11497484215653117,0.1512921337608729,0.19459673548889866,0.25358429705838037,0.18793328465445247,0.1438530336001435,0.1162267265732233,0.11089192575427144,0.09659628871150407,0.11439630420347599,0.08343084050881522,0.11480009450379164,0.09968234089200104,0.11786803243397542,0.1337279301485159,3.0
139,0.45821425551268324,0.25332547277630907,0.23764510813233344,0.212765611723255,0.14712622491023858,0.15304384299708398,0.1980648500102438,0.3131409628145305,0.49487599353194617,0.22313872054520065,0.1526647580211928,0.13466039395750617,0.16431895454630535,0.1252817945261509,0.09119697050005218,0.10325461724453537,0.1061800756919262,0.10556509764208213,0.11476705396995726,0.09148001809617619,3.0
140,0.9255573945098559,0.21523642772900609,0.07904037530274796,0.06559948490476485,0.049570990189431716,0.05511975485298504,0.06929808687021283,0.07094059106152359,0.13246149373503063,0.09203427652553929,0.05428622778262827,0.08025274466166646,0.06148834589076032,0.05248401665577817,0.07123603994939248,0.0641170190120942,0.06761868108330328,0.07528240762015254,0.07707804965241857,0.061889367055653344,3.0
141,0.7989854398940243,0.2433362053903521,0.12610339111296914,0.11641761760551161,0.10825976435612353,0.1375918211936947,0.10736852831023444,0.09971957958225655,0.2287443708411538,0.2136108611858609,0.16237329675077805,0.11140363469624613,0.11691371555722581,0.11214511560112515,0.09204363782917012,0.11742572715836318,0.08898823133088446,0.10112900254728914,0.08863484670672982,0.09794494488887921,3.0
142,0.3754793059890391,0.24667417950768727,0.1695776324600817,0.17380448039041008,0.20660954633551154,0.21615182946148528,0.2501836771039819,0.248748959565042,0.5150362348501573,0.27521423601568823,0.16171820155139727,0.16929800930192293,0.1709556067190811,0.17497640794860272,0.13228415944614563,0.09828466776011355,0.13360605710628487,0.11610921046646867,0.07761538329339052,0.07175046894238368,3.0
143,0.6346934745285678,0.2928060091363226,0.15970262569593968,0.185312074825368,0.13105656904233995,0.1280631659440807,0.18570657000478008,0.20865658831357828,0.2830211693853138,0.3002312328410281,0.1425818538454691,0.18273936750151643,0.10596177754221749,0.12835071892685965,0.09868133358301634,0.12582478596065863,0.09231125509056452,0.14873944095023608,0.116106876965775,0.13646435157760264,3.0
144,0.4817012291917445,0.22608425403073865,0.17167722270143235,0.17339099310774003,0.1519900959584219,0.1475959671425988,0.23975187530788258,0.3564624751736559,0.4149507622567406,0.3095088467143332,0.21201572181676268,0.12621205049984144,0.12306741276620235,0.12377535879569351,0.10380308000624507,0.13290227774417748,0.08577037271258053,0.10137050859758218,0.12482765111509228,0.08307709005370144,3.0
145,0.4448679230854611,0.24193529005108633,0.17162460980180275,0.18432703846616272,0.19251091800204037,0.14964969674377865,0.21610982707428242,0.3910799163339981,0.35183337500911116,0.27666577770255374,0.1787887589973096,0.20734259525463053,0.1729976284552712,0.12460566420383132,0.1372711388728681,0.13761076981705214,0.14486075287411185,0.13093265995275036,0.11111273905781337,0.10968140259692191,3.0
146,0.911356343995073,0.25113122797734116,0.12075710769384443,0.10527024531488495,0.06851011837957079,0.04477428841668297,0.05922739476259332,0.0559974989845005,0.07134558138323736,0.08723576923486676,0.05812685016683677,0.07113452006354608,0.06937115327437103,0.05805030142639176,0.07375346791780256,0.08236085911775884,0.07795759338571885,0.0979003194514236,0.06805717672161045,0.07428862459066245,3.0
147,0.4568709774122538,0.19213344579636962,0.21997493477175856,0.22887840672783633,0.1572374426839055,0.15444452903674827,0.18493163671318916,0.3482297811156445,0.4370686598734236,0.3509184072945291,0.17975988981924687,0.1340766174639167,0.13145146210726444,0.09838708613140809,0.10872101675048644,0.12004054615980453,0.10381196098864234,0.08025696758382966,0.09047333119748457,0.0805171437954343,3.0
148,0.3800115019469861,0.19680116337691797,0.18407579282832964,0.17815302383248793,0.2134235650628603,0.18504844225756198,0.26761577216535243,0.38149401504765607,0.44062219315853485,0.25073030651243544,0.2045109682298719,0.17942505664058925,0.148115419925364,0.10184045645151177,0.14501878644059432,0.1347168516628026,0.13267651144736542,0.11097156275868107,0.12272045440388077,0.08240906542039786,3.0
149,0.5312346558131639,0.28311575198415306,0.31681731112420924,0.20658991530869644,0.20108554961789232,0.17009265937923393,0.21206631699634207,0.21684831757231532,0.22576249254916886,0.3146407377669348,0.17753067833964278,0.18079246398553517,0.14186768266073513,0.1457714009400095,0.1043439422397025,0.12709650630784036,0.11112104607643075,0.11899292718151983,0.10634860690396555,0.11320635421128213,3.0
150,0.400184822221326,0.21232869331487364,0.2712489662411701,0.2550894216458013,0.24809366997589713,0.19640869860897195,0.21961314097962029,0.2985562357472195,0.3489335449869747,0.40225944290010474,0.19753157329622376,0.12582604934316244,0.1309367565692603,0.08021314950759206,0.1043028482662827,0.10445414346846847,0.10566269274809935,0.09330632531849123,0.1055844732393959,0.06183953927224189,3.0
151,0.43915560025715455,0.4153994159105581,0.2809551851593164,0.2684420876526099,0.22357237726864904,0.18120784408494622,0.19856591689789124,0.21200856283528974,0.32543594513997215,0.2052276188286619,0.13138189165576422,0.19964677853733398,0.13144266453444153,0.11904899175563849,0.11597792135901319,0.1397242939986117,0.13267257900932666,0.11131764434510162,0.08855965297467587,0.09478799977340162,3.0
152,0.38527777573300115,0.22185206927945597,0.20373706986768517,0.24426055443787545,0.18399998154830063,0.2433669209609287,0.199533007359028,0.3476090148155292,0.39477626694356976,0.29928012557939937,0.20575138066526075,0.19928558450912293,0.14133247336520083,0.1281687301760127,0.1427496695923317,0.12121744655088966,0.11924924016929324,0.12469084582282289,0.09656590095164089,0.09700579018265348,3.0
153,0.43894628087033566,0.33347733028980536,0.30061547377394354,0.3045842228210446,0.15671042584297634,0.22408333470575817,0.19594978694630458,0.23388369280970214,0.2845949969803526,0.24653724244734926,0.2233555721275732,0.16259988795615998,0.12645292911772943,0.12311350929009791,0.10532872960589641,0.1501447260053607,0.13299855865246923,0.1356365505826094,0.11316985338879346,0.11545084046774211,3.0
154,0.41281391219419644,0.40862867916391005,0.3694012912251083,0.2783564649746276,0.1813012126108983,0.13995430258859934,0.22535358584680507,0.2047789301622069,0.23217484091381774,0.27639892969087587,0.17180416413346278,0.18633792136425484,0.14421250111450498,0.13658830296709934,0.1144865657317705,0.11777365808980425,0.1289251154333321,0.09519568366525769,0.09242654937424351,0.09106947791255025,3.0
155,0.3744252122224431,0.4112626041168756,0.3097433726092951,0.25354155166429715,0.2279855957577364,0.1778565215753448,0.22862928749773562,0.3267747196188859,0.2738363638911116,0.24888622540984115,0.20757366323076043,0.15530634792068795,0.11677374945014087,0.10044294278207201,0.1179260984744591,0.09893401740453243,0.10641546385589025,0.10995117286872164,0.08267694331536751,0.07729897860300503,1.0
156,0.407405100056514,0.47571318437719595,0.3604294389546324,0.3103629958938685,0.20230573091212964,0.1897768373626714,0.21662631697716356,0.20840874727790046,0.19287133320695593,0.19452159579156653,0.21059345393051576,0.13401596801924792,0.13792805236392952,0.09225565454165073,0.11768547469147086,0.10000595865543924,0.08899527315253115,0.08540373947778408,0.08270796193894336,0.05822964594594046,1.0
157,0.3212304437683363,0.748758395755421,0.2769221556926101,0.25817531140501804,0.1807144420057788,0.1911508830809816,0.11881707064028361,0.11987337189769325,0.1383844188052548,0.1112571303595622,0.11595267811540251,0.11811588965614891,0.10335426653388893,0.10237772756692778,0.058089935240182994,0.057150963094876404,0.053921568405909275,0.04634297089323929,0.03978257766810789,0.042206442739053725,1.0
158,0.46427655004166524,0.4622987835181456,0.31215544472630674,0.3054033102431197,0.19689016001433118,0.20497603241342308,0.27274410009288524,0.2243080577670673,0.1887753155076291,0.1621674822096424,0.1874957555868733,0.1148132952757351,0.1240202479360512,0.11626027553065389,0.08028229033497174,0.09943390272484197,0.08050913944933231,0.07201698604454317,0.06395292107586598,0.05719642085612023,1.0
159,0.779762532679693,0.38134244330300454,0.17202537050922675,0.10240656869900515,0.10632996484584577,0.09205055778617698,0.1139556834065666,0.12440472672033133,0.19493876298335502,0.18393620510817238,0.10584462310329314,0.08746124307756373,0.0836559271796257,0.0929569758922743,0.09145972874613235,0.09790008797520922,0.08134096449667452,0.0904111680510377,0.09895266166263271,0.09679728195916866,3.0
160,0.7259792281173151,0.2522037355752539,0.20209909916944468,0.13198276568379524,0.08037950500016654,0.08043636803868777,0.09146180382271729,0.08044268942783894,0.1425188775615167,0.18482435230806923,0.15836483000697701,0.11758957497180296,0.12670543976993864,0.1292103467525592,0.2208971979027217,0.13237887447557428,0.16645324392028404,0.18723472975887165,0.20836259770324783,0.15713229914795124,3.0
161,0.477871150419305,0.26882251275646096,0.2590046905490689,0.25757904891059613,0.17658354108338695,0.18202887062003945,0.20620753710880782,0.19070118093149185,0.2862448898482611,0.25477594943447496,0.22827607597581887,0.1958581942473759,0.17316805894954018,0.13468888811467858,0.17631068912893122,0.13450945718484253,0.1496344106009398,0.11403944032241808,0.17522877155918573,0.14837135345039112,3.0
162,0.3741400228887862,0.1929866479830027,0.1539566406166453,0.17309411483607867,0.16978666457496117,0.2034897276759953,0.18124401435226792,0.24759681531507466,0.4475742050965517,0.2703121063996392,0.2119698460681365,0.22613086957499576,0.15104307394666422,0.19277104607695453,0.17655002217216803,0.13288629103883184,0.17371230704068108,0.18321810332266433,0.19893158391728702,0.15212611170067367,3.0
163,0.5404251937174536,0.2602023073149204,0.3209264143974526,0.1799601170632203,0.17142544916008087,0.17009576679440486,0.16205646456819392,0.2037344425270114,0.2500935956296083,0.2829698070521099,0.2009914649972984,0.1486109067887471,0.1370342189832006,0.15361026112068965,0.16267041225069026,0.1415079465443322,0.1581318437788646,0.1395132563026001,0.1444750021787163,0.13950588334508593,3.0
164,0.3811833339253313,0.28621229545425686,0.275053102906528,0.29504796522949844,0.1944978525335695,0.17314021349918823,0.1884252627157896,0.2730036921701257,0.33657642449170433,0.26050667637234526,0.2404587692411809,0.17183418476304457,0.12799424654862238,0.12136078189012733,0.14039504511893255,0.15507706501257076,0.15060337593649697,0.15212312426459332,0.13182354736670276,0.16020770103672993,3.0
165,0.3803600370505306,0.28040206066356776,0.32735714263184934,0.27148621219570657,0.19067641218995324,0.184643501772227,0.18066764094660265,0.30521035007199565,0.3501319232526008,0.285829071506193,0.2313768590609926,0.11222268412141534,0.12095980550595095,0.13381750253868485,0.1452414696999965,0.12544637066959208,0.12224736879726526,0.1541396336508241,0.0944472282445466,0.11033943033656247,3.0
166,0.4501399732573338,0.2523522469709367,0.20543686544467188,0.2739096571051928,0.22189778096183507,0.20669124284099416,0.18460376888734453,0.30481550871364355,0.40738248623490186,0.23020628644222163,0.203547836784979,0.13468832589293914,0.15505821770143516,0.11036283346830172,0.13341554479686768,0.10262409965905359,0.13051755204638277,0.10652654510601213,0.12810952595628253,0.09814939391164176,3.0
167,0.5576081776955322,0.4091379688172851,0.22775027577961748,0.18214216737891725,0.19440747876238038,0.1842069839949156,0.20098316794009455,0.21702792311027486,0.24772794990201047,0.22034006566393555,0.13805936733473695,0.17049820877452562,0.13894763999143453,0.11603876993912977,0.13331756059304872,0.1387561445937267,0.13514040233955202,0.09019832914975424,0.12346870504650927,0.0890003997706819,3.0
168,0.43519662134264403,0.2899317720095085,0.22960097746730576,0.29607910063956183,0.22709163004749774,0.1992129455812857,0.16434522356305842,0.2599842518880202,0.3240515580915948,0.3183489383152297,0.19925629314133078,0.1697784379813075,0.14448775576403441,0.12868591741749622,0.11548005542714794,0.14406078674037368,0.12556858339939692,0.11879974125186225,0.11895816716553241,0.09932464463901042,3.0
169,0.829997112893364,0.26226837320994306,0.10772078792200691,0.09403855122671342,0.09163798844153365,0.09401256903307328,0.10757647229093391,0.09687821464026834,0.1719350663645283,0.17151397832587797,0.09201487353600386,0.0751619499653164,0.08651386854556609,0.09910066982810871,0.09857765626642558,0.11784383174145943,0.1018697707958107,0.1231966003172209,0.17117947468746456,0.12172410623174787,3.0
170,0.7746794491866744,0.3954299453466286,0.16265917858249349,0.10996758004271942,0.08823005647364934,0.06287842109133429,0.0978928856203421,0.08467551117888364,0.10147678381519461,0.10662228916206865,0.11424366727266175,0.10750363789381537,0.1077951256645027,0.14242430744941226,0.14302766370519165,0.1500673389267631,0.10603444123218914,0.13579463043885262,0.1265942956323658,0.09797522713216782,3.0
171,0.5196760721535747,0.3080506813890801,0.20734022866968568,0.13614436420228032,0.15251174507693466,0.13615977453767913,0.1736919255744354,0.19458843354822244,0.3810121347932729,0.27095926762997186,0.17594702115480668,0.16784248458524942,0.15522724813988184,0.13331040444972644,0.16220522826164793,0.18824530063048103,0.15336994420181985,0.17816241782728376,0.12282653951303618,0.10955033713213284,3.0
172,0.5290829255458461,0.22206297312596096,0.19597926973262295,0.1880074845266715,0.13774315347078,0.15044233214582886,0.1809780742395411,0.2514552954222788,0.3969895910914446,0.3347807551944179,0.18183159020993223,0.15770644426409597,0.14931352135916898,0.13253789703241295,0.13496434644798053,0.145888307334423,0.09337653736786816,0.14570148808616715,0.10117649487335176,0.11071759714945321,3.0
173,0.4437291050561841,0.2160856009082571,0.20115775836879837,0.15271106626088998,0.17016774429818687,0.12636310913370957,0.15059490972802236,0.24005143971100829,0.5124883190144224,0.35075568037437643,0.18378560273420463,0.12841854553536344,0.14411009736916808,0.15381092304898367,0.1789986759100279,0.1120694887887446,0.10212698022871139,0.10536169797989571,0.09457607076287049,0.10933714643854342,3.0
174,0.7362341176438205,0.31692468312510236,0.10799473786788279,0.2016833309384308,0.11213368954196362,0.07303927655148752,0.12448119859943203,0.13873381571117058,0.2656040258438111,0.2407225222639293,0.1340767499282254,0.1245636354163072,0.13961586124168404,0.09875579534274347,0.09029063464980705,0.08626327672134632,0.09311674806920363,0.10853202090661723,0.10784150470572638,0.11671944080686754,3.0
175,0.46557456837465927,0.24650811868744948,0.17124982694704996,0.1610678874765661,0.16008160711998784,0.13272062112740232,0.21558264922775858,0.2292467921486907,0.48180584087830575,0.283210279644664,0.22135201505047075,0.1571318487638822,0.13026036413361278,0.14474654353392136,0.16475226884842759,0.13767542190090146,0.12555217473289454,0.10994302799657352,0.11292461871177863,0.11950665066686134,3.0
176,0.452867944571715,0.24695768602791843,0.22042919353129237,0.2010238247431554,0.17022335645249287,0.16320686227153233,0.1948656973902186,0.24841828277065087,0.49197673481724774,0.3212220383395005,0.16363661627565065,0.11812486873510172,0.1322393224564886,0.13212438318574082,0.11419822153139128,0.11959019997032769,0.10748954552562855,0.10535277917523127,0.10104949853583006,0.09230211099238185,3.0
177,0.4193066979513014,0.24482080274978277,0.29958965902100426,0.1673660546176626,0.1768873595526271,0.18328493905612844,0.20041360741957054,0.3692932560488488,0.4260702506745105,0.29220305997081397,0.16383371570384184,0.10293417284417943,0.13765695307434303,0.1395214227482024,0.11407600373683471,0.11539348515547673,0.10345601920279848,0.09339982258903029,0.08436596480649403,0.0970016218089586,3.0
178,0.5719324887944047,0.38070827788954936,0.4192450033813172,0.1974510450911612,0.15839071906621416,0.20151052638835543,0.16418596732867563,0.20774403520821622,0.18801058920731298,0.1923984066549097,0.14753779303268125,0.14751643320754168,0.11707968961629225,0.1111055188993304,0.09273198912087602,0.08057980411738262,0.0856931446447148,0.07023926006729386,0.07258307858395163,0.05300191996917624,1.0
179,0.4367752526223396,0.5149753117570169,0.4166207564746543,0.3146667251111197,0.16608206796279482,0.1942894137024835,0.20791122797577205,0.19714702268870438,0.1621727990200583,0.15327815300694683,0.14538486143001536,0.0980924563329972,0.08802938504423725,0.057624746222202,0.09975078470185841,0.06765944440281109,0.07181285051656998,0.07753920774498227,0.06348611631762144,0.0516076155322812,1.0
180,0.4441974894191147,0.5529564727364633,0.3529433405430228,0.28855490773630843,0.22606526767304136,0.1599100715167106,0.16097470839615538,0.1676863336786853,0.1990240516207495,0.18370376518151668,0.14232189554006444,0.11592649913499954,0.0924327510764531,0.1201086902951801,0.09193865176378298,0.06534882134851284,0.06721497595019696,0.05537486127698035,0.06482262021913708,0.06208926409087514,1.0
181,0.35887053252172485,0.5060868778112437,0.31672509595945475,0.25558745958675844,0.24892279856969635,0.22752876912067893,0.23277270175429393,0.2711285778578924,0.19159974317561546,0.18322858848457527,0.22695544923695837,0.16957661433251067,0.10720185915125831,0.10486365213305437,0.0794161490190543,0.10605697162042266,0.06860983675118545,0.06693475734511732,0.07107841055555393,0.05648908719769087,1.0
182,0.38672420637036325,0.5510159051554911,0.33892604583415026,0.3763919825711684,0.27306244924911843,0.19739700510068123,0.13678904111198986,0.15151041616618613,0.14071117537142264,0.1826906552892237,0.15290414167764962,0.118411280715981,0.10163060918792767,0.10361913487369903,0.08095454760163293,0.0588753309632285,0.06815138868795796,0.06937212420164224,0.05168716449149474,0.0360279151522957,1.0
183,0.40854588051178015,0.5441437197556455,0.3591784194255229,0.3222668430876719,0.1995950855089263,0.21128472046448613,0.14575113298724063,0.2006141778577953,0.1961677227045951,0.18122828014531014,0.14416528481255272,0.1363222431971505,0.08297652323746142,0.1012880200844421,0.07579822308382883,0.08947591882678868,0.07512954560216499,0.05829334518300537,0.06677980884900787,0.05543750785637939,1.0
184,0.4993927333994896,0.5400911876147144,0.35368578439586235,0.24495636652388686,0.237957596598938,0.194311284457109,0.16000909413051229,0.15931725215939593,0.1365521832902703,0.16939919455950425,0.1810913450896527,0.11366861875636713,0.10439182022201811,0.08179028524546302,0.05931164767114643,0.06112161166133862,0.05259363056325262,0.05429267190187469,0.05667021043854311,0.04027433900312513,1.0
185,0.32712695037834544,0.5698982093161821,0.4357979706849127,0.3395354846482424,0.1985211257406124,0.2076593326613776,0.1808605738313845,0.1643987050305385,0.1585588864498112,0.13717589461658258,0.1422853422365583,0.11779122181148648,0.11012083917487679,0.09274200438736017,0.0835523949725523,0.06069741924011642,0.06660426741351472,0.0495797652569309,0.044691788830047714,0.04864897669823313,1.0
186,0.37113757709550405,0.4434834239146873,0.47121124624645094,0.3309584839651928,0.24775928872243283,0.17909665935171076,0.19014667578870414,0.19274666715395544,0.1583478595981584,0.22544364390727076,0.1872270984204187,0.14092031092510598,0.121125424086629,0.09570954352532782,0.05414132783725675,0.04680596086674722,0.05370357443113134,0.047580929116141306,0.033894418915368284,0.03429959050963062,1.0
187,0.4184511854963191,0.5430617438878259,0.4016172646815283,0.2280875759709637,0.16511187853347745,0.16489442994632,0.18665879054374726,0.18756963763310747,0.21483436642127726,0.23478516112507677,0.15957341260658298,0.14156010333986757,0.13880458578673063,0.09219078457844383,0.06845818837188253,0.06361996395320371,0.0580869977051876,0.04889852698640131,0.04179897180421644,0.037325452024477325,1.0
188,0.5961270302317929,0.4220381066176497,0.3158859828570427,0.23006690989452652,0.12866878228550765,0.1436781827315581,0.15017319680176827,0.12782723552004757,0.19528794436194874,0.16680451915810565,0.12282776937393401,0.18667506945544965,0.14251036281885948,0.0812815760271042,0.1675486291482704,0.14017519783991508,0.10616568739868683,0.11166349268192127,0.08452381107070203,0.12764691234545453,1.0
189,0.7802839145259586,0.3465542698069132,0.18670786376420884,0.13442162644011127,0.09061833768419295,0.09816852175967,0.09173836048026197,0.16493889695163494,0.24709382993242993,0.16104847802912922,0.08967053613991748,0.08603167008864324,0.10911538588105012,0.09696356961632438,0.0796317133101617,0.08362200799113702,0.0768338232320878,0.077971528173505,0.09856496945963222,0.07670994740848286,3.0
190,0.7340442860490344,0.35114005764395345,0.18157362277687822,0.12899820111251645,0.12108391918088075,0.11305675724048674,0.09921872018034426,0.13648399378029202,0.22420397960926897,0.14628933993658233,0.12115097459062733,0.10792361334356575,0.11673426923301108,0.11012707675763236,0.11132948126215385,0.13502735686396894,0.16090266521756508,0.12214008855028226,0.1352750255909732,0.13737897877168875,3.0
191,0.5794351306735382,0.3458159862398044,0.21549462646339035,0.17392577556863303,0.12530483717093815,0.1594941443341312,0.15592648268944906,0.23101073672240646,0.3619113482616302,0.22349259398589968,0.1619150048824286,0.1353340985036709,0.12382913015900734,0.1144513464767841,0.12005068321806803,0.12999636183318644,0.12886710944825655,0.12888589511339973,0.104676089397414,0.14063955995317776,3.0
192,0.8110808592947685,0.2716502379630706,0.13698884353076718,0.13595167181895046,0.10706639057491675,0.10136995559067001,0.10030186812223581,0.16504487040930982,0.24684259551057045,0.13959199182592205,0.09629910433203384,0.10309584677158258,0.09796071220569354,0.07267526190466808,0.09305218226460699,0.08901525134538472,0.0944098782971437,0.11920678210919376,0.09121260082572383,0.09403580403865666,3.0
193,0.8245350656313882,0.4148551994342394,0.1725136574103563,0.1141800892175909,0.09502466768727497,0.051319885897289995,0.041247265916021104,0.04945409859722258,0.07312567413158037,0.06325690583025814,0.07837126306780438,0.07131923833139235,0.08514430582140992,0.06586999879655102,0.07832817373407179,0.07745433994109106,0.11005630202041868,0.12160639723840286,0.11099243455435163,0.07686721799082273,3.0
194,0.6741681041033274,0.4744061369534935,0.24299798185491975,0.11901496900726151,0.12149522733239691,0.07666233316145982,0.08980912995188216,0.11651216738025817,0.1453759021970659,0.12927745954033185,0.10888434113899109,0.11345443524284644,0.08786585520982546,0.1583066953658895,0.13032391438238258,0.10598856255763456,0.13616784718388605,0.11878286365301512,0.16123858402604774,0.15073772681304795,3.0
195,0.566339193375907,0.5428737441026352,0.29909743478532247,0.18131259578723125,0.1119711518898422,0.11091957234118721,0.10539340840675389,0.1335550143796785,0.14640196088533405,0.17723778339191112,0.13868678489246475,0.10429912172853752,0.0836582116481399,0.08485872216052287,0.10330791367243113,0.10395714875806808,0.1675399563848189,0.14707084633080414,0.14777094123543733,0.1351108745478176,3.0
196,0.4665141103559779,0.23812928733954,0.18053124023156952,0.15288201431917708,0.19805673576805824,0.1613687419509037,0.21203494697893646,0.26218065334005997,0.507479517714053,0.2600686791424536,0.2111336378232224,0.11951093675131672,0.12055045697789102,0.11198936514141507,0.12384261988745003,0.12591611365446734,0.11135051586993325,0.1308184059802782,0.11000217972799937,0.08258639314527357,3.0
197,0.45506332075157935,0.2722910208890199,0.17218277848075192,0.17935911154270268,0.18553703252707446,0.19864352643308197,0.1912976237894569,0.26187749589307,0.5296203536216705,0.2401583339015838,0.14705405115050366,0.12719249814637218,0.12193450914258326,0.12690968554958718,0.133847482275476,0.1140140924291111,0.11029535324308659,0.09048684389502956,0.09990643764373011,0.09849504860928907,3.0
198,0.49712559765517816,0.2054665000022776,0.1839420271118828,0.16701708386581607,0.1638769963480997,0.17715361359523688,0.17214021010366523,0.364360945032984,0.42271811960404115,0.3103693355153298,0.20173055609919452,0.16332498459446465,0.10331396876249317,0.11593963117047115,0.0971511281555693,0.10323430795748971,0.12398628475193571,0.09933882962093875,0.0958800852942912,0.08517527300461589,3.0
199,0.5910143575708491,0.3361246983711601,0.19714266390035465,0.18346222303084353,0.17470999097524523,0.14310910024987347,0.16559695380858916,0.22195682172312434,0.3977985989388898,0.22525244919722415,0.1762637538051818,0.11057821767393375,0.0941128086560785,0.11263981140624851,0.11584875755871142,0.10061029116727152,0.113666245755069,0.11169626319176203,0.0769751439449839,0.09391070662861668,3.0
200,0.4986661585541818,0.2958984800627313,0.2454719386466879,0.19578080913298468,0.17960050580237252,0.18629869503086446,0.1821916182324272,0.24069934926859599,0.35613913793133284,0.24512040437533922,0.1880725434719212,0.1461208423902785,0.12468204693189675,0.12971304763011002,0.14642560990073367,0.15199560561496592,0.1706062686876265,0.14920987142822092,0.1358551622945939,0.12928048922844804,3.0
201,0.449732569076739,0.23338076195945512,0.2606660385022488,0.19229078707548905,0.1578319755689024,0.1431195100268315,0.2092101581747444,0.3460825681305574,0.44118944214379324,0.21557056113477804,0.14357642806361404,0.14963845407553072,0.16668209924293495,0.10357008274972075,0.14728455971308738,0.17473701162087804,0.12013308006519656,0.10281442968015983,0.11970567297546669,0.12338166629652066,3.0
202,0.642747056764238,0.24178697931355858,0.31005721353177823,0.17458037462462883,0.1619554152279932,0.16078360039829012,0.16381451477785097,0.14725051998797253,0.21189510659587285,0.2933740116063191,0.18079670266332695,0.13066209517679583,0.1530803009717933,0.12322833458110462,0.14605823668948936,0.11174482622991844,0.13528104589766612,0.11483217375487913,0.08983316316523585,0.09207975417914128,3.0
203,0.7094707496671777,0.3678431973387042,0.19763589655700842,0.13063091615975006,0.12301547108960378,0.11125821841342447,0.11553088107463864,0.18999687272309454,0.3135619637501944,0.1889518955917297,0.09791241446776582,0.10439632327730364,0.11489007587485717,0.07633635027576387,0.0891199209374052,0.08091259094956478,0.1022470212757806,0.0792065734366296,0.1145636227930867,0.10189391141374414,3.0
204,0.9002111286704342,0.2012895685209434,0.14680513587466448,0.0800758112390167,0.07250591121129603,0.0630999689489595,0.05627243874721545,0.07364530899499662,0.11992747970305902,0.07767833332292592,0.09261701377235444,0.07199454879233882,0.06635971911786587,0.0797626129938096,0.06063876981746797,0.11303474893829647,0.06160650310981244,0.07197460518984329,0.09560170859228556,0.15426267965942753,3.0
205,0.5100985046620454,0.22120501102505882,0.21242930083838418,0.17218647422005143,0.1765848146132724,0.14944754071076297,0.17868189012727873,0.26923938115160884,0.3783287974507324,0.2169788705872028,0.18612191353662674,0.1851539473720274,0.1790857490804703,0.17326467582540842,0.17588436053083606,0.14377104430023696,0.1376486271181357,0.14838506418084527,0.15630801814723838,0.14116847759178539,3.0
206,0.3913988752544068,0.19040155631941802,0.17586041106587752,0.17091696307046017,0.187137646465126,0.18008562388686408,0.19960006549425519,0.43904034077814963,0.3858984545101597,0.23417634461025735,0.21955946989691724,0.170216765417855,0.17095268564070887,0.12471021530659161,0.13745719682726976,0.1685661031048837,0.13909958738632586,0.15414324174276772,0.12624390654130735,0.13526870804082392,3.0
207,0.2691016667664606,0.17572626053574783,0.2664683013809627,0.21092408620869016,0.23967844487745768,0.201369718488385,0.19542036879910726,0.222276330885588,0.4431415002143897,0.3016634202176385,0.16719703478468395,0.17967687333167334,0.16674002785013184,0.16704164630461887,0.1712525834085482,0.18961117005140668,0.17632860820007545,0.18754969426658877,0.17385025938747284,0.1747267423214259,3.0
208,0.4000353689712068,0.2911512219112128,0.22200651636664848,0.22713000788534093,0.23525783599031988,0.17601950205083303,0.2518323904376968,0.34748937434634897,0.29177775304157294,0.1991733661005115,0.2345877814996359,0.14669652019473448,0.15432874840711536,0.1075634277572365,0.15337555645302553,0.14830488897495486,0.15325187998794865,0.1683663796005283,0.15650143444697343,0.15888011025827145,3.0
209,0.7390082578540856,0.21319687272660864,0.13552294110151825,0.150047137381186,0.1435336988686876,0.1370981344485107,0.1477832754210686,0.2560172733554651,0.28458624363822616,0.18115930712655567,0.12618323454577687,0.12007428286371566,0.08323296768172897,0.13129027390650203,0.099493002954979,0.11407275851283753,0.11238684243673176,0.11189512637213343,0.10341224577595358,0.11696546328055057,3.0
210,0.4323497985771407,0.5106400742136232,0.37361494551143387,0.2958906996633283,0.17074176330464577,0.16214293716954106,0.17514399200920983,0.18251968715169722,0.20319408529146,0.18648420089160608,0.13914631966648094,0.1481524022162362,0.11163593702219089,0.1029403493637167,0.11212520585203277,0.10254744024767855,0.11675892358468742,0.09244950632912455,0.0959893062230704,0.104082318477462,1.0
211,0.40385962750415616,0.45332333647222406,0.35589791993814074,0.3108444967241179,0.2226273126381109,0.19545049135326126,0.17509139348494634,0.20528964666310998,0.21590715249247858,0.18177010602033666,0.1786306245015055,0.1727712584855984,0.11594803565450355,0.10200718939720087,0.10001606588939027,0.11726421320610277,0.1302998406772425,0.12044610279974645,0.10812910414796927,0.12388404857535266,1.0
212,0.5163943742826399,0.36340722034690337,0.4419627118544204,0.21069343366026483,0.20453749043875752,0.17743963387792722,0.20617884684886734,0.18044445461598216,0.13828395383913247,0.18389041572266873,0.1678831717651527,0.15102120529127772,0.1278356044117484,0.13512040037890152,0.10877583222146968,0.11969467888470291,0.1267491245658109,0.1135655135447357,0.10015573837739601,0.09734758726004313,1.0
213,0.41619229576402617,0.5604405309997565,0.33171427707651957,0.27406048652261084,0.227852566312097,0.1947146781297342,0.19098587678068252,0.17762006614069828,0.16033363886457,0.1839147229437348,0.17034375496219425,0.12298535915299992,0.11337412021549902,0.10810220596132936,0.08418017660087766,0.08446783830357969,0.08398846775757114,0.08279090718792019,0.07973297301220512,0.08361367698792284,1.0
214,0.4094449355962336,0.4598010401458066,0.37586579336193926,0.2762016360230288,0.20342968581488588,0.20408680153433179,0.2007019154306723,0.2376657267716796,0.239428566984638,0.213307043220928,0.1374462931800406,0.13006916054116782,0.13760177078512983,0.09810858688287072,0.09466299186735821,0.10554819375119442,0.10560124309644918,0.09111814435640128,0.07860964361378155,0.10316990856932784,1.0
215,0.35389575165445625,0.6632254154598565,0.3014527991723881,0.282845691387307,0.20181161733049716,0.149121016692517,0.1543456545469916,0.14864772859982367,0.13613808968436894,0.1499176568887698,0.1908864138287658,0.13941769916755017,0.12420744474339497,0.0987977526879892,0.08165391406427543,0.08525653147324497,0.07799858167392666,0.06934411550118032,0.04832555207244974,0.07677608257956157,1.0
216,0.467741727923807,0.444795006083081,0.4222755428576357,0.24546118236933573,0.19640770507200342,0.22503553400384213,0.18354098100030838,0.1938340977755668,0.1816539220688241,0.18156933054160646,0.15655465631414575,0.14720389493217398,0.10738634953520551,0.12491423358639228,0.09846330641253781,0.09425489949280677,0.0847529359714988,0.09317031782442202,0.06985425044294634,0.0756942636466893,1.0
217,0.4962279071146937,0.3194456132358086,0.3470662597216115,0.31898299502972643,0.22063352963556196,0.25253209002727856,0.18503177719333322,0.24128280101430036,0.20328951899147985,0.2094788135833118,0.16049794188331007,0.13674310957736097,0.15630277826852715,0.11298035807551171,0.11465062669484435,0.0934779392921333,0.11149137614025839,0.10359354346438522,0.07676296009382133,0.08247838188072687,1.0
218,0.5083425633459473,0.39957207271713124,0.34429211323251274,0.26736115478677464,0.19888130728838951,0.19674386908319588,0.2415657517987349,0.22030055411075175,0.19517932662636558,0.17751815205495222,0.14734445289509976,0.10813107635919006,0.1273254765065369,0.1423607603869845,0.12565643744554775,0.11268867737362374,0.11499979583862739,0.09771861555482633,0.09359881639603113,0.08515302524530023,1.0
219,0.3549145553487791,0.4817743405489733,0.4273454885730092,0.34672163001659356,0.31590242019042275,0.249838824879607,0.147220017834862,0.1414583419074849,0.15435872005822898,0.1655029872547745,0.12945172000910027,0.13254378498946742,0.126293159301507,0.08497525867997625,0.0757987639463064,0.07707793815534517,0.06933993304111213,0.05611392505840502,0.05918826390740415,0.057709539022275845,1.0
220,0.49625653395517444,0.475622301364497,0.39288162630890117,0.2781170179934304,0.1776112171097984,0.16018432438585628,0.17924439911852919,0.18291504586986543,0.17176982036960609,0.19955611095297002,0.14649138303889023,0.132964666529083,0.13213660324279272,0.09921626084545679,0.08615114534502137,0.08655786479452905,0.08690644627377288,0.08020543047198493,0.0615354220960419,0.06752242496388998,1.0
221,0.3588701777102778,0.4737100540296913,0.3977601411942715,0.3162840567821529,0.2532310470383607,0.18775457275810775,0.2082339027972541,0.19270394288489662,0.23049745624032086,0.16912791612272404,0.15396143941092574,0.16644761253346482,0.11412280271420375,0.11137999407933777,0.07754038487701834,0.12108948560187519,0.0917314739494761,0.08671139375663728,0.08621706176110924,0.07793888870288923,1.0
222,0.5430747831960758,0.6577378839039888,0.22628056696674476,0.19789246432281124,0.1699885421507635,0.1601142551524281,0.12112723869033017,0.1566003251831787,0.12335936437015438,0.10747183930772067,0.1188985264951219,0.12125183421944564,0.08050009755786315,0.07609226111225262,0.06986645635068406,0.06774662050850581,0.057089223382035474,0.05899168559978616,0.04571471778018197,0.04670471689359914,1.0
223,0.30253405451100207,0.5274170918583783,0.38812732439722786,0.38604204124698815,0.2228683675533096,0.18522767201456766,0.20946865749057758,0.14680938872478,0.1681874253402244,0.17737493876530117,0.22015190447811786,0.12530900699749678,0.10732595560910524,0.11544640688002154,0.07610467127539003,0.08383838608192247,0.07183336304323693,0.08031401295169711,0.06571052669888869,0.060905679969916006,1.0
224,0.4891427257801007,0.467354382918402,0.3572602812926089,0.32804431181162297,0.22106613526668906,0.1777249844381109,0.18178564712432002,0.1773205034847268,0.1773287888045076,0.17595204355754884,0.16467500445107,0.10587268542951135,0.1470473100201765,0.09361750936878202,0.07382375935151649,0.09528331454070238,0.07208095587852321,0.054770574048967804,0.07279626958511431,0.054626178903962264,1.0
225,0.6856525674537086,0.41606226021616965,0.18468854487066325,0.16626672469810874,0.14698033696122634,0.14353570447410008,0.1561825601204934,0.1532212271702977,0.20042427028418336,0.11432514013402412,0.1830434568587253,0.11022156408223246,0.09832280072970925,0.12235837068070768,0.12066532556028392,0.1062338627250612,0.11571683023163827,0.13810609779375893,0.12001725046113136,0.09325487460236258,3.0
226,0.583966051940263,0.3847232017075303,0.306637831788418,0.19464607212178153,0.20862150688149148,0.1971667954782221,0.25152926980541085,0.1633343392727187,0.16362676520900643,0.15856448604839868,0.19216884631804845,0.13845904147249036,0.12962891880670369,0.12026634051183903,0.10602368174124087,0.1164197282512412,0.10780047944611551,0.10703927625461837,0.11364010961897178,0.08151234535434676,3.0
227,0.4971067319565551,0.4950520987981925,0.2655618147923716,0.20881409366386555,0.1828259399936346,0.1569964506456262,0.1790101234641182,0.21183671145668417,0.1519776676248574,0.24058527765987822,0.21956701905634943,0.15860139356776748,0.11925458909667049,0.13130132715862974,0.1272984591899337,0.10789427536515277,0.10678795347056423,0.12235379553090989,0.11167831995751498,0.0786942713046866,1.0
228,0.7776732109582083,0.40718689299430927,0.20695202209328026,0.137285203657854,0.1553292136063319,0.06778732888311254,0.06567648302537572,0.07797954716004821,0.08298033264554232,0.07657775633590658,0.09708764456154706,0.08327321276141646,0.07368278463321358,0.0757427417502338,0.08371124775315616,0.1127000027395328,0.1328724385362391,0.1282793848194651,0.15761453425054803,0.0984480295759203,3.0
229,0.892444846869893,0.2959004237214903,0.1745136798662363,0.09135403338921713,0.08279274885263066,0.07983998776654654,0.08212969909028214,0.06559530305749078,0.09171890503631829,0.0765156913684866,0.053421392251644155,0.040986524176911336,0.04810172585898971,0.0527973029874149,0.08519022346499683,0.07097260477085646,0.07626049688064516,0.05883771872821322,0.06029960376772163,0.06162230792912069,3.0
230,0.575022167552749,0.27917942689914305,0.2940942373373183,0.28225099916491986,0.1752166003286012,0.1947533931675838,0.24288332213708333,0.18029300599732317,0.22477456724684425,0.23541255663150532,0.18509137896924266,0.183946500269402,0.13059296198430617,0.1128177559343794,0.11339162216595534,0.09816424559581748,0.10542632356233389,0.09981857186307644,0.07637362825999511,0.1090790709156949,3.0
231,0.4872906955732048,0.24593747916036585,0.21934366484218654,0.2431440437999624,0.22003624218123136,0.19687776964893583,0.276812685284553,0.28625846842993674,0.3323737576293903,0.23703562355679184,0.19286515496713155,0.178752775994788,0.10067090238785933,0.14115983293634332,0.14188120992441075,0.13534554999649714,0.11219645315868589,0.12439117841631683,0.09867456812329765,0.08349166743811148,3.0
232,0.499779443800861,0.32578782226111774,0.17097399445206654,0.17419155338404027,0.1974102014023388,0.19351627695333962,0.21037592558082774,0.34716039923866576,0.3541864807363539,0.2093525956824881,0.20761727914685904,0.1511482998531293,0.15144113187602573,0.11853700100212704,0.12005552711282118,0.11448009838726877,0.10608364374167553,0.09525373042445615,0.11045005053534358,0.10512985779377751,3.0
233,0.42481879370883396,0.24045343037926986,0.19539894456880139,0.2564798977633317,0.20997986607116292,0.1582310878322118,0.25694870136881476,0.2809424095657551,0.4649632615436404,0.2422111888072085,0.21065414281488992,0.14988369251828684,0.13791240906703153,0.10915232589163568,0.12715869000737584,0.1068576705621202,0.13381608385679702,0.09835342701662324,0.08478127488771749,0.09317303611140176,3.0
234,0.8667148447031454,0.3701834299768254,0.14735988600191605,0.11707902023174832,0.06577245386269927,0.07494059020638007,0.054491761819517856,0.048167117335580066,0.06642664100963014,0.08027095198013401,0.07865421776704537,0.07770366127909477,0.06326262295705914,0.06031353735651035,0.0784824310028359,0.06472239556667725,0.07393185611298378,0.06260628748763532,0.08120307852903297,0.06377776680442615,3.0
235,0.43043764155434683,0.21914294976895501,0.26656759594851004,0.2959533701991126,0.171097338604146,0.16083152950145294,0.18336967267121226,0.2512469840858021,0.44040979806008473,0.3000063285474056,0.1846079419644699,0.1714650345717594,0.1325617715184069,0.1300760985357246,0.11783094607105807,0.09951421428218513,0.11487452067578978,0.1198204076328855,0.11059342921051725,0.103218237114204,3.0
236,0.46893716930284257,0.354572776234867,0.2916470317562304,0.4264975998470409,0.18833699231392945,0.1794971439595612,0.19589765303845907,0.15908340077625796,0.22674621276395077,0.2181651971230546,0.19757600183457344,0.14641780970823662,0.11263774467594984,0.14025330383808518,0.10656138146630932,0.12582830229160574,0.11695097974126954,0.09307786371272844,0.07719229511288833,0.09334911129328774,1.0
237,0.46299394817652584,0.39598801637302744,0.33296743773701143,0.273639230718441,0.21339068623318966,0.18422960610418426,0.23253168076866598,0.26217580390197537,0.25429959864890395,0.18528051958931674,0.18237499808201546,0.13623168828402227,0.1179451577512689,0.13498868928721075,0.09801740336688472,0.10488450485480828,0.11294801353927453,0.09107332570121188,0.09707799604870894,0.08226357427529722,1.0
238,0.3706211696417185,0.5609912608144227,0.3709561098641804,0.2632379458275445,0.21027248755063035,0.19346611976970002,0.2096365295319202,0.1780384488175673,0.1989961545276036,0.1633420225560667,0.14783893185889949,0.14206409222569444,0.11854407622563425,0.13117817358829822,0.1030260968055184,0.1158250684041093,0.08511153919364207,0.07086218478282556,0.06512137411661299,0.060184608411866396,1.0
239,0.32145803360013936,0.5456774998525826,0.42458346328313445,0.31716521376234363,0.1969417301209335,0.1952521675843756,0.18187261966096233,0.1529081692495913,0.18009600648098334,0.1590356662094157,0.13610676784097817,0.13332501671819139,0.13360454503117955,0.12718770693738046,0.121427974171784,0.10848152672984139,0.09909721001611747,0.07804524940490387,0.08878935671751412,0.07940793405567693,1.0
240,0.36990135016923764,0.45477093105631705,0.33590603796879037,0.32866985880167365,0.23069003945049432,0.222518914415049,0.21871845913563093,0.23675635683441382,0.1753764257735652,0.2110113450836844,0.17372203500128475,0.14931513180963593,0.15079715859614679,0.10865479926551301,0.11203915997173317,0.11432804064200894,0.1263569713064606,0.0895192024602146,0.09186238704483099,0.09236300875381083,1.0
241,0.3882032174278857,0.47805781832092975,0.40876561887038787,0.3113356647469372,0.2036910833516869,0.2031511474199896,0.2133590691378562,0.150204838527957,0.21299304163651364,0.19809626410400713,0.16510715228379322,0.13228404029175095,0.12579181589180646,0.12114608187981851,0.10285979193233463,0.11251898042124811,0.0851823942979236,0.0961588492539119,0.05463859754537818,0.05744186192270489,1.0
242,0.4695013889049109,0.4081793180674967,0.46160560824823677,0.2695505921041685,0.18133635388492586,0.17432327566119132,0.20337863772948495,0.1786228182941213,0.1601948552847386,0.19665679945324152,0.18536143921272027,0.14801807844570353,0.1291239995726684,0.14323214974190146,0.09242902061101606,0.07924068987621333,0.06866324665102574,0.07509210730936987,0.06426703791837603,0.05984549769227182,1.0
243,0.40417632812153703,0.547742315399592,0.34525707548064066,0.35743276303919275,0.17865294279119096,0.16612712946329333,0.1634713131915744,0.1598989726714554,0.1465448274956435,0.19064433054971477,0.17932699481813769,0.16402716949272153,0.12422697709248595,0.11829901823191866,0.08840797415003117,0.07881648310744878,0.07833277509509666,0.07203568340485447,0.0508423832873838,0.06003936428915442,1.0
244,0.3499110921617775,0.6139923642436036,0.39188310712622115,0.2791330228660097,0.23289258420382525,0.18854936341527054,0.16289210613938548,0.1184339945053173,0.13214998236833206,0.15254315885662773,0.1689207077542734,0.12150593084964904,0.1306798836083589,0.12690344868724515,0.07807420345010749,0.057207241758495904,0.06306138654116167,0.0520449139966864,0.0565730569945514,0.047653996365068056,1.0
245,0.5521045546987247,0.5193960065883813,0.2892262330022993,0.24441101882777524,0.19544479837927023,0.17531033177196984,0.1744241957221784,0.16237854435393168,0.16188979218991376,0.19733493645565825,0.16313151203362294,0.11970240718345933,0.09200280017280393,0.10221532286205412,0.08197707738308303,0.07747444595554913,0.08118369669630454,0.07113112606520434,0.06105403715061431,0.05651401240892754,1.0
246,0.37742141546130814,0.5538474346188247,0.3262788712580877,0.3059675888579624,0.2195616681282577,0.24901072153153322,0.17121683134327187,0.17305939855484662,0.15353443092313726,0.19010763112376192,0.16039678438366456,0.15044323650749686,0.13556800534561605,0.11679218742392204,0.10128956002339379,0.088514698965877,0.09199963616589431,0.08536272646916487,0.06441801322656808,0.056264015407607317,1.0
247,0.38348522800547014,0.4939396653335415,0.3446672784038564,0.30205035870219044,0.21950209268656856,0.2407277159359267,0.21753180733149838,0.19252509095243847,0.18961689261418097,0.1525140506106303,0.22571477874474544,0.1457489584616078,0.1968455425090936,0.11100822827514628,0.07984044118440946,0.07435054162931191,0.06187254534547117,0.06716168101241592,0.059197442611310915,0.046839933888529736,1.0
248,0.4461350884691606,0.5124707793406108,0.46933709603496887,0.24245822712163775,0.2157234142694346,0.1804619033363907,0.16202127011186812,0.12180281354441869,0.14683055696863087,0.17840230509643923,0.1685016876731764,0.1442336713790861,0.12177497293190521,0.08146344515685573,0.06377697049902174,0.06120364571779641,0.04990805971469925,0.04132744055031772,0.03828676764731558,0.03946815234164145,1.0
249,0.5255819016716365,0.47569978261168083,0.3044126957906125,0.2935938842245141,0.24277242851368794,0.19748090408736366,0.1864794334224735,0.1967314630510994,0.17624831646699463,0.2503616050243212,0.13348696668432186,0.07341046621842011,0.07600338660935141,0.06512339511056507,0.07105863039577985,0.06471330958258316,0.054427755845815357,0.057977127148001836,0.05081252155409683,0.04562120056064577,1.0
250,0.4843167693859936,0.5552014879125501,0.3656179872779568,0.275443800548072,0.20607719288398296,0.1650003512884348,0.16776930044878646,0.1192313094027169,0.12240944548403798,0.1858761168818173,0.20340048324666948,0.11093364858605509,0.09410132391515773,0.08611674134121965,0.06025059710452216,0.06037182131138299,0.0583920739822138,0.037771802619943576,0.04328813851394879,0.04603175146841673,1.0
251,0.597474834136079,0.5463964465282578,0.25306465919557786,0.21404838307896096,0.15754730580129706,0.18436697058139798,0.1493738140318799,0.1688941578080066,0.17237404165369388,0.15488301181599565,0.17505036810253527,0.10510853256679703,0.08417268444470227,0.07887804123858924,0.050230664584642565,0.06568785210290938,0.05488285331158112,0.056102958234175264,0.04624438300775089,0.03363335658185029,1.0
252,0.5109299548290331,0.44389849443304596,0.3683887406633474,0.32209070662391814,0.20308643479164196,0.23169218034900474,0.2045670658891689,0.1319673393826573,0.1734898227172682,0.1408343191929271,0.14667691452091883,0.13916453208316748,0.08762128018848593,0.1206891046761203,0.09416004414980983,0.09426819872475307,0.08601015732589565,0.06612064947056807,0.05631563772748401,0.05012572280641599,1.0
253,0.36597572036188253,0.6379919495824161,0.4377007496151545,0.2901324436188587,0.2013025103589835,0.17779429571785674,0.12876343083924843,0.11109123397305487,0.123756420382286,0.11585711563152674,0.12611436271618984,0.08052987831014718,0.07270661377057004,0.08951745797797371,0.07212904392496913,0.058808542306777734,0.04822418095630592,0.055982182996649914,0.049113310915972395,0.03540743859651875,1.0
254,0.4463374484354056,0.5462428757262237,0.35163090765036303,0.26160378516462807,0.17359999680835173,0.2408108606106045,0.16153540418177417,0.12577308918217317,0.16284384602098229,0.2218766541257644,0.1951339782870824,0.13675583682010903,0.126610185051107,0.09736658318083029,0.07029272419332866,0.06264158185521637,0.06355391089179598,0.06577154035143927,0.05525693871124102,0.04428131697106141,1.0
255,0.5093526407678982,0.3406878306294618,0.46745870327410927,0.24447781554508177,0.19845044474343224,0.21978337728280367,0.21070541009667668,0.17006614956674926,0.19228723462894085,0.22885241469304418,0.15038286869749717,0.15331972731484847,0.11514021888173824,0.09691075405364755,0.08578019458151347,0.07107111787027742,0.06314518936463272,0.05935067998307949,0.06743106691135105,0.051119856770198265,1.0
256,0.40157548304994833,0.6263566234064148,0.3663942624060616,0.22154184937828725,0.19626190714699854,0.18272056251121432,0.1731806020261106,0.17986735466463583,0.14118639408482742,0.16201449231999188,0.1450022759121258,0.133356656894681,0.11128538272351245,0.10259561591673719,0.08066169428697678,0.058614814916122276,0.06305490260573017,0.04758452142918929,0.05192487728527208,0.0453760366361257,1.0
257,0.47037732356503204,0.4550790204318983,0.43205774740784614,0.2945899636106042,0.24758585186131307,0.16762230080734156,0.18100915386688166,0.19377169533940405,0.15238888138126902,0.19618166683318317,0.17185948678542134,0.11346215009519038,0.11596802554952045,0.08133991904538575,0.05562638187635117,0.055550846286179754,0.052779695491397285,0.04134468866171498,0.046189186725520644,0.03861223085638398,1.0
258,0.5013742753700404,0.6254562928526805,0.31431463097637635,0.22616557704439336,0.17044893533244873,0.16209071414794293,0.1604033840461669,0.16142800218114592,0.1258509195933236,0.15305266602664402,0.12095443961694084,0.12193642941881003,0.1063194906994735,0.05973959803038134,0.061426734012485724,0.06582354121821513,0.05734062513920753,0.04862244626546016,0.038136919153260423,0.03901319865151102,1.0
259,0.643665079637096,0.5161525541566985,0.31444312088022475,0.2013385745327644,0.18731270056233007,0.11539190299141178,0.1550875186059368,0.14114901822296086,0.10866993555706989,0.13823797616570913,0.13611312414050583,0.11376864020323262,0.06767660155856359,0.08250775370846938,0.046545575481012444,0.05606992468400217,0.04695237480814528,0.05137782675331114,0.044396535050857465,0.0398919616660908,1.0
260,0.5363039986229055,0.548031332127374,0.3046090290160381,0.2914425482402484,0.17284273341174675,0.21380202111352958,0.16108947842312518,0.15769037452825735,0.16227443039684486,0.11773385830928343,0.12333028908501362,0.13096777897125358,0.09268636147782525,0.06923072658422448,0.06757391316221276,0.058814605091235934,0.07022524667081562,0.06071749170182833,0.05292291089835508,0.050269472928548053,1.0
261,0.5500589372198351,0.5081168140720101,0.39315360047787196,0.2861165293393314,0.1952005722706398,0.20235640454935439,0.16161239499717706,0.1146260224857872,0.11878067435032567,0.14651198052390552,0.11387763809240195,0.10166508651027194,0.07459454026018685,0.0776928290171913,0.055377043495474586,0.06398981112809132,0.050337199487822594,0.04036630297082079,0.03795443952647661,0.03559237192466635,1.0
262,0.5540053043737401,0.578554906455856,0.30335127678337953,0.21697493376789745,0.21363045678952083,0.18417189649173618,0.13941343712173992,0.15054503544502396,0.1383516750781346,0.15100028151373243,0.138854414010255,0.08927069840909715,0.07593773692646294,0.08232074353741191,0.06204129676886813,0.05862482427055828,0.0550889472007545,0.05215326668670143,0.04064936823792436,0.034155668065271164,1.0
263,0.42310590668142056,0.5512012498698977,0.3893606421467825,0.36307248715630513,0.2087534702603317,0.1872917554701121,0.19598791218737682,0.1465083861073343,0.11480001109976727,0.15558527735639752,0.13516177967567616,0.10163582501836245,0.08453333062144762,0.0784007579400225,0.05767327146352718,0.0548099879487771,0.054762600571527,0.05263976719269815,0.049208886825122734,0.03747501511074539,1.0
264,0.5846993864355042,0.5088837565067791,0.36826505150911165,0.21802640545204854,0.16825947394060997,0.18008739568160384,0.16416171991348877,0.12270496194276687,0.11178443375675161,0.17446068787870087,0.16708480294684352,0.13187465436630502,0.0900308746787304,0.058579655849528664,0.06083125681778495,0.05119544416672565,0.045837075608350486,0.04435312810589977,0.04332961661329339,0.03487405317610986,0.0
265,0.618535829793734,0.5068657247237989,0.3201046225205867,0.26408080261281225,0.17831391833183838,0.17151193797235276,0.1570239582060101,0.1282818605939154,0.12784936126609228,0.15322039615963307,0.1391931171377155,0.06764371907286347,0.062324739676715424,0.0655315889535531,0.052576772757836995,0.05408556998864028,0.062022507929877777,0.04736761581138335,0.034820491563655805,0.032036607068421784,0.0
266,0.580458417047453,0.5412316675500882,0.3149497301417641,0.2603122060591438,0.18078015796197136,0.19933486586897795,0.18668053467886572,0.10385141805913264,0.1294640320890278,0.13025824067470432,0.11853683021709718,0.09409259409797936,0.07321202406651335,0.08816566779769651,0.061725628642973325,0.05540878965256111,0.050076362891675816,0.05303057086096201,0.039601576469790324,0.03994815804833217,0.0
267,0.5551448643646906,0.60070516554338,0.39153163943235914,0.235577230373989,0.14409170890103398,0.15091722904075797,0.12369866672353512,0.0932079206559463,0.08757381502752422,0.12462660892334058,0.10079490762176972,0.07282361014019949,0.0696860518281122,0.049385737340327834,0.040213430483727955,0.04592137627756582,0.04175242463338798,0.03371901799561121,0.03259748181691075,0.03191616121906053,0.0
268,0.5784341561523595,0.5608766064040844,0.35240286018307476,0.20400138429895312,0.20142982922158045,0.18651435114253634,0.1334042940639937,0.10557096589701177,0.11628789057998215,0.13001098500556907,0.15212876367027078,0.08341387972727585,0.06949577855752265,0.05715960284058372,0.051686714634232696,0.05245682397471841,0.05195763043080112,0.04183916620139143,0.035672836773755205,0.03088621673794111,0.0
269,0.3826561715845319,0.6532102107825921,0.35328398648679454,0.2540227517335228,0.1923543553106338,0.22434713030169529,0.18145713468303068,0.16100499442801292,0.1250316828202831,0.16480256493773862,0.14464422401294671,0.08081117815084737,0.07307870232012548,0.05612414979322055,0.05336119032336114,0.046204954383442944,0.055306867220892224,0.04529392068953939,0.035221955646749445,0.03610397513251778,0.0
270,0.6318263606082188,0.5507482397707656,0.2716654131254099,0.20356688950871474,0.1849056748714313,0.19067841259613316,0.15612308270311523,0.11327224153013007,0.1162476834789449,0.1304586384044176,0.11393728369497721,0.09579685317438337,0.08708964940837138,0.06650999305550441,0.05043156420235246,0.04314272881046451,0.04442626014708454,0.03588391512743058,0.03198988071418054,0.0329791094448711,0.0
271,0.568559669172279,0.6587691377217386,0.29668204953559335,0.2579486028680542,0.12276913747798418,0.13383286102140887,0.09620817407082403,0.08765189545415773,0.07041385027253569,0.09260065694415892,0.08896537078250472,0.07064543005058137,0.04660733121446605,0.05273474017573257,0.04320629999285648,0.0355434858678725,0.03472422899589901,0.03236764932553331,0.026737211869828966,0.028156722870338918,0.0
272,0.7166177400564543,0.5369631790490073,0.26893183882059407,0.19543647703502712,0.13123259299179146,0.10743011000573179,0.12175458493473236,0.09490105804685536,0.0838444788575965,0.09540910998428917,0.08043746010395951,0.057730143947673306,0.036827954567301,0.03828391072631141,0.03447681965392342,0.03802607625805306,0.03386439613494906,0.0338754258990852,0.028523909057078824,0.02271348702599608,0.0
273,0.4350483019452145,0.5791633233953435,0.43506283518702793,0.2847582291068046,0.21151676084414966,0.21130268338783229,0.1669756978874555,0.11557254562684592,0.13441264436641595,0.12862863325211235,0.1138316973869012,0.0835966341683741,0.05917650430945333,0.06319980304290171,0.046545581877685364,0.05180241940606836,0.05023316298848395,0.04487092184634229,0.04443095326332007,0.029912651902746498,1.0
274,0.5150472363628236,0.6245056759161781,0.3448244117451203,0.24871302178410964,0.1943428605710578,0.13751412920059125,0.1604568885916289,0.1046994488331756,0.10674237197212767,0.13791439559093727,0.11318522660106974,0.09121001585987626,0.0692305750460227,0.05485422312549116,0.05794136871634086,0.03652561792576512,0.04474085788917018,0.045431426204988225,0.03657217294427551,0.03359093749144471,1.0
275,0.5538404745529331,0.6407113025736788,0.29101385826208453,0.22477853964357694,0.17953605772804473,0.1594522963283452,0.1457521926739961,0.09712837730643716,0.08347374007594754,0.0963549238590917,0.11546816386063566,0.07058669446494722,0.09141534005000597,0.0635562489481416,0.054586081624622224,0.04530323951383906,0.04948324747197556,0.045232532394847445,0.039734395458792024,0.033620646349849716,0.0
276,0.6178452850151601,0.5836182483698323,0.3153017548692596,0.20017175792294586,0.17048538037520797,0.12590271889572174,0.10358149118234583,0.10213172689119757,0.09400718158637487,0.13623001756143316,0.11615299110563078,0.10064554082849747,0.08116917877048671,0.05742202735896995,0.0579966258622533,0.04111333604040846,0.04596751151139979,0.04113686967668465,0.03459211088856156,0.033730133962489646,0.0
277,0.6808118708281621,0.46932217749130495,0.34641864675057926,0.24342046822078922,0.15567835640777067,0.1810797328460505,0.12137363615071106,0.11899488352341771,0.09147877555378195,0.11646351244847641,0.07711982557937859,0.07133463640586778,0.06728207734040854,0.047988403194061266,0.057465398917694956,0.05108843643278019,0.04123334864444798,0.039846677975753496,0.03592258501109729,0.027692361597223943,0.0
278,0.5994637577007874,0.46987535949983117,0.4304567600852193,0.2821957661584709,0.15778441887846714,0.1640786799210378,0.16913718768151534,0.11483354887312379,0.09537483274264887,0.10522258725086361,0.1206811535881882,0.09720372287406215,0.0617951743793981,0.06670068729244504,0.038133931008818574,0.049065281445723447,0.041178006130504256,0.032894646097119416,0.03431838543403608,0.03249140315419429,1.0
279,0.6682115348338978,0.5591548543864969,0.3408864787076739,0.1989428367756579,0.12967510840007915,0.10720505720059105,0.0946055186131172,0.07733507235832361,0.07123194355186167,0.1070666485976087,0.08297834595161714,0.07980405238383068,0.06426037274578912,0.04174774310446854,0.0380484103786705,0.03200217489848286,0.037822487787220645,0.031217888287990044,0.028106155471771893,0.022076711010755794,0.0
280,0.6365011783617297,0.5352487194669188,0.31182657494375304,0.20803853112037365,0.1945003567118702,0.19737631293482966,0.13779041824135,0.11227520977037213,0.09540164224908494,0.11246467964770117,0.10414327043032488,0.08721193286503388,0.07563887442803038,0.050837280554293436,0.05958214579473645,0.040925036997474726,0.0456542393655409,0.035653031077993766,0.036814602535197735,0.032197101977556875,1.0
281,0.568987452880179,0.5950304043493786,0.33215245423969475,0.23182483511248714,0.20796659988121152,0.13689173384563982,0.1544606569163155,0.06882946051737847,0.0960593836560495,0.1367217094462857,0.11829557552167783,0.0897333587700437,0.06771341538174598,0.05513223661270877,0.04671965157734903,0.04986904689692715,0.03821628796999055,0.04384474245761489,0.03360281694394418,0.027687245834637962,0.0
282,0.6988123735121938,0.48056893662067024,0.33546645417844845,0.20554119229730997,0.15104071187856685,0.12553785649531088,0.14161362845087033,0.1313552374241817,0.09420583194824435,0.10233018206993066,0.09070981092896888,0.07324517234324007,0.06959793286380192,0.05288200298884316,0.04685579044699787,0.04590571705681095,0.044713672589032125,0.03215240026328592,0.03356815660904421,0.03171360894665088,0.0
283,0.4566046407289636,0.6430243667040283,0.32784933102927,0.2585297486615807,0.1973392094692266,0.16981770791145254,0.18275762386644429,0.10267299123192568,0.08726294482997236,0.12797188745640659,0.161651160342025,0.12357564072504447,0.09276462045240846,0.06074591408197041,0.04668609768310493,0.057927595596969486,0.05938891266783044,0.045922413650958345,0.036006373960458596,0.0427734766312391,1.0
284,0.5599006436292033,0.5392843573943403,0.4538120815746872,0.24814046943688467,0.1553451069782751,0.1410460905132435,0.13480090823228214,0.09428345304805649,0.099190669059295,0.0901833530667564,0.10899805802517602,0.07871802847281963,0.06401628225685799,0.061363457050312716,0.06221345778937719,0.04731549632754024,0.04707245891435144,0.04224010795704102,0.041738680692920395,0.036247439587566585,0.0
285,0.4547695793285828,0.6160845817522282,0.3260508062544338,0.22065063311676503,0.24300784873091938,0.230583639297746,0.20377586002447282,0.1258160766302601,0.12535322089270082,0.12737056500424757,0.13947693283705528,0.0936707064173065,0.0831494450196775,0.08452438156038039,0.05154165700289499,0.06574184988374993,0.04868778571731542,0.043829797252310405,0.041901217314224186,0.042473134789688526,1.0
286,0.6199070233560364,0.5931805504220022,0.3274199306724973,0.1975561609689409,0.17994162958642576,0.14209806766976044,0.12087452202191039,0.09655820594597204,0.06756106736358185,0.11834553370611268,0.07508183255560025,0.06451648520930583,0.05548934864379341,0.038144913212252766,0.04671349942029526,0.03791763218047646,0.044711378534436505,0.028353285479635858,0.02782636674736018,0.03183923065506068,0.0
287,0.5847748840312063,0.6030288329430339,0.3657688336076346,0.19534125176073133,0.1712104089688028,0.16954442397758626,0.11842354559598589,0.09246316146545906,0.09595590864551987,0.08908205411979876,0.09903196197199993,0.06700187299144053,0.0395457415493123,0.036320694727746954,0.04842169904074801,0.038408826849176285,0.03722034373899017,0.031631073225434084,0.02428521567535508,0.026444129029252878,0.0
288,0.6511054907618931,0.500621083719135,0.3251216534269561,0.2126338369630704,0.16777665795545832,0.20897660578923305,0.142603470583923,0.1245973697817858,0.0977665165481621,0.10475057265267468,0.13181317954754157,0.08368743646814286,0.06754321717810768,0.06381596563337638,0.06222967390198219,0.04654855728347996,0.05443019538773156,0.04347381190864913,0.035419092948779964,0.03394375994290017,1.0
289,0.5338475678552884,0.5804992605716014,0.31585063693386883,0.26787603806175353,0.19111263161425832,0.15777649523308823,0.20480815512143674,0.1016166270872204,0.10382794813780948,0.14151725086304637,0.15111607591274975,0.09420775887694596,0.09114986954068452,0.07320357967520688,0.06349291748548683,0.06746323713740265,0.04533660737656385,0.05422725928872268,0.039640662794992836,0.03850679943036386,1.0
290,0.5519613475818089,0.609975643489676,0.31835999417526034,0.2536836857951956,0.16341910441948967,0.16554633363261367,0.171864829376596,0.13141327585855447,0.08258148983691727,0.1176981553449442,0.11126583831363465,0.0716211505581522,0.058607842427909146,0.04720056526981394,0.06898897559155279,0.050487546975929644,0.03974248017375343,0.03893017811833905,0.036348157366716274,0.032738905122617866,1.0
291,0.4118136348552184,0.6255002037481979,0.4082631143114613,0.28261459400157707,0.19782723611836162,0.21646919648042728,0.1667682371959185,0.11383649239915723,0.09898674601737337,0.12298053167033346,0.12806681328881225,0.08962636608418283,0.05544129354662819,0.05108510956589364,0.053273352633124806,0.046415397221217354,0.03778222724518215,0.04535242112467815,0.03034104642749916,0.03750949117692209,1.0
292,0.5864620536142564,0.5420220071713233,0.30955418992873973,0.2633360446411528,0.16888970828685715,0.18792539657469548,0.14999127168295834,0.11061160057330362,0.10555658859695616,0.16837827726325463,0.1681022669499424,0.09025610873710332,0.07382264700228433,0.06722039055205715,0.05174239697444797,0.0474839888620142,0.0475217179817227,0.047421902608919035,0.03888307258099223,0.041416792600695085,0.0
293,0.63011941629571,0.5720113310955385,0.29293182941987994,0.25511048922514745,0.1586866161871919,0.1772999576998823,0.11890760480444161,0.09225825920901215,0.06976004645048736,0.09665392703710499,0.09550409255565145,0.08329163784020023,0.05756218577429089,0.06205728858611354,0.04597645840752134,0.03943121021111542,0.03791406873475276,0.036028509833549396,0.028611168666975273,0.030668340166843458,0.0
294,0.605627759038469,0.5118312817734443,0.3757231908867691,0.27579838913935095,0.20861298803510697,0.15174491719717834,0.15679449018977834,0.1118823166923932,0.09069940199321144,0.10551256861872882,0.09057005924067203,0.07722695573887191,0.06335256890950255,0.05023893014994597,0.052960341136562505,0.04446309635985095,0.04418167281659271,0.037045672746702465,0.031897749729143235,0.034288073445335666,0.0
295,0.5547721742217367,0.5998127056457059,0.3499880247685749,0.2147383141685017,0.2023888272672877,0.1870002958749605,0.10904980196084496,0.11426747445429651,0.10679679675579136,0.1092527835224363,0.11102047559230037,0.09166561273267551,0.06551577287522971,0.05076141579302944,0.047368736964204614,0.05174676449542619,0.046710253922114295,0.045213293985738506,0.0366458295016955,0.039239041177890094,0.0
296,0.5849043359891746,0.6176326766219767,0.33064396097662374,0.24189692308831062,0.17889765915299347,0.129722675448931,0.10009423747651151,0.10464908193328255,0.08954695722551079,0.10770319489296878,0.06574866303286248,0.05389293059543026,0.05049390168592358,0.043787922699136915,0.04864960248638074,0.041562943215263326,0.03453138789257414,0.02447289762840602,0.030730357582235687,0.025133033706768625,1.0
297,0.5627324039747158,0.5617034383858317,0.3855600423114472,0.28438801741582365,0.1682172406812555,0.16660647813060847,0.11401148975201657,0.09202377654998788,0.11029396045925426,0.10899303579904353,0.10993519775779552,0.08651775551222755,0.06870057870833139,0.051133264173059835,0.05276235628708914,0.04774313125041313,0.04090877394581243,0.03580773901847587,0.028931123682131788,0.03099919468763141,1.0
298,0.584170208389117,0.6273926681950596,0.3405770046105685,0.20160789243509733,0.12609651933682195,0.144161787539149,0.12349434490198155,0.08190631047368249,0.08644007466452347,0.10628895583248567,0.1156604753282147,0.06482396149298425,0.05523006280610696,0.04633769246689765,0.043492194448046695,0.04197779083502986,0.039872692245903826,0.03516496279771534,0.031170606174955994,0.029064385886332537,0.0
299,0.4347616070469315,0.6821808610804225,0.3969609846989378,0.24196542836336674,0.20181204002836298,0.1355155076183974,0.11598957625460436,0.0995843228315658,0.07788701031090621,0.10446762724764598,0.09781535936084902,0.06971376784836414,0.05697642315002067,0.054613080759924645,0.04314473637744969,0.04224650738353492,0.04379140454474239,0.04399929206188467,0.031889533356491084,0.02949109672387967,0.0
300,0.610866626056847,0.54076099481687,0.3421975326265119,0.27158214394407365,0.1576183904829519,0.1592784021508371,0.1500087751825698,0.10381381037474728,0.08762359649976201,0.13056267138849773,0.10475378697932483,0.07904198860727021,0.06905736684255223,0.05766163916790986,0.048236495097912134,0.044534776647903944,0.04146719677377652,0.04009801597809947,0.032371829643220176,0.0366836541905954,0.0
301,0.4428799394118941,0.7181682273128908,0.3425878938261187,0.22223091660953415,0.15704071155053598,0.13738263317254948,0.12014474187544377,0.07182294818782792,0.07966545837616756,0.13506361038643394,0.10071095307009549,0.08817187711753935,0.06585158089909054,0.04812128910126366,0.05092674511190106,0.04095652944808016,0.0388719239834543,0.04058680404397553,0.02780467625371001,0.029144953068109363,0.0
302,0.5207681311436728,0.5721424448903383,0.41449724691794,0.21411361071490803,0.17061796706806479,0.1918732850798149,0.1546833922921496,0.1047081861968475,0.12125003202846531,0.15622349198673524,0.10648466798844206,0.08264951719044328,0.08387987764982158,0.07229107932459944,0.04886086802354209,0.050280385061031906,0.05467317738384476,0.051946028677844626,0.038728170384278476,0.036637905596904836,0.0
303,0.5209768597299231,0.6055428205834239,0.4027837191914575,0.25416273932998285,0.15472271863310982,0.1649395258924937,0.12815446960705335,0.09812617991739521,0.08304424665157957,0.12608955357938745,0.10215449095923977,0.05688666176195945,0.08043911591180919,0.06402901175436593,0.04980440070115588,0.05107886563803002,0.04395374218126931,0.03941933909249569,0.032519489242261085,0.034662908258857775,0.0
304,0.6219523259314516,0.5445744239388273,0.3213430730680039,0.24728208452330375,0.17208961373349335,0.17253524015492172,0.13433021495247774,0.10707824485534194,0.10486731834480371,0.12922155653252967,0.09953597861173813,0.08887791055070776,0.06578806545155075,0.057074501542041224,0.04942416175162572,0.044406590790720075,0.045954140211089484,0.04228820182152803,0.03100496487899656,0.030771680767159377,0.0
305,0.640095780328866,0.6105841486740058,0.2660075126451978,0.21929763364780086,0.1501649869211091,0.13362063580695846,0.10595724024601175,0.07793998793732652,0.07215524689730658,0.10297530836990419,0.10080049603835227,0.0589768414847849,0.056795044741882926,0.04760845763036655,0.04681110662583469,0.030323037327265233,0.02904392238748638,0.02883199048121936,0.024202156898965557,0.02438189145134644,0.0
306,0.6937289657875596,0.5472236488337263,0.26336913312802757,0.21834507692940358,0.1174191456932497,0.1247899493569607,0.11883994122151029,0.10424039001260318,0.1119053678171805,0.1161324181765861,0.07939662056142684,0.06029662835428728,0.0557404219738097,0.03766715409532116,0.039368789396405555,0.036122316278657265,0.03610331148139573,0.03720927776829989,0.03202041520474664,0.029272409649088425,0.0
307,0.6205794097687227,0.5282702523197795,0.32613009528889214,0.2321880018056849,0.18349219691638025,0.19018285212864444,0.145032002960941,0.11068295225124467,0.11255632949917774,0.14344094091239337,0.12450659499684516,0.07714895733855417,0.07194497744520591,0.05598863840842925,0.04682198221599019,0.040764140012957154,0.0394380129630856,0.04110544482895516,0.03444653648583021,0.03348498979040689,0.0
308,0.5379383410156029,0.5683161320395913,0.4746955935721676,0.19353439412028686,0.1526638598115868,0.14355557888651793,0.13318454205996783,0.10051071864978006,0.09621621675637863,0.11032752937785001,0.08404658780130196,0.09719914547926874,0.06489811048954719,0.050053298974861195,0.04206008716284866,0.04041106615247635,0.04059142192328201,0.04161118679959933,0.03200921724442125,0.025069662035240893,0.0
309,0.5696398542880703,0.5696522267330502,0.3797316545094282,0.21781212967504107,0.1623226812120984,0.14827599908887634,0.11677670434473014,0.12905646094349615,0.13045813065372744,0.13555432832979059,0.09764627971967524,0.09772809136434496,0.0797750974044179,0.05567241907003871,0.06522242250865941,0.060362422578175604,0.0530071408117963,0.04995129105831105,0.04144858498215619,0.043334860053557446,1.0
310,0.5962542072940761,0.5652272077435281,0.3097313395904014,0.2630585475039012,0.21656025432911508,0.1592810918247977,0.1620174896681599,0.0930299196365717,0.09669286726732523,0.10455915873347986,0.09309389040568111,0.0755863130001099,0.04766378471163159,0.0642022126426785,0.04608851353978096,0.055377102973623554,0.048849360127419784,0.04183645201383089,0.03541691113945322,0.032487630047626864,1.0
311,0.5627463532662729,0.5627213254916162,0.34022019805431775,0.2799085277365259,0.14586801924177595,0.20259771848965927,0.16213737229089303,0.11659250443345832,0.10740739247243469,0.13018006028571047,0.08775369369228568,0.08762069185162574,0.07615369617500205,0.06583071794196617,0.05641150427268082,0.055360102931488214,0.059849629352033376,0.0511093994946467,0.04259774045612896,0.04590156893398611,1.0
312,0.553271625451962,0.5342288551737322,0.4523031466718756,0.2388550569972536,0.2086495085021787,0.12072118262547224,0.11464862683973645,0.10845169293545416,0.10755680685851181,0.1237905859667569,0.11171185070135616,0.08548842847294823,0.06553983029528578,0.04766214659898934,0.0543588415781554,0.04551328479158705,0.046554842972169996,0.031006283805487967,0.0371087838843099,0.03265246219384621,1.0
313,0.4839830842412224,0.5468482655545893,0.3570521283420558,0.2818559594204157,0.2151825213320023,0.18709313172715963,0.19969775237086684,0.1634237131209909,0.15309887457456728,0.15110854811215196,0.14582803854531542,0.09290385401418752,0.07749232040926242,0.06837292769822714,0.06861537384664708,0.07183133930032848,0.07441913667102963,0.06145731175562203,0.06042568941251883,0.04701363887074801,1.0
314,0.6370111361323391,0.368639269648306,0.35863284504502163,0.259512889558284,0.20991001714874444,0.208269481406862,0.17745519168476637,0.1866934605695139,0.17366146565481788,0.12977440693530978,0.09989770405353178,0.09494883347122891,0.0757686266011449,0.08700636747151953,0.08785789620652876,0.08704090363096698,0.07231746105716427,0.06320780963973985,0.0451818994017187,0.05203034564367722,2.0
315,0.36640667038137614,0.42915657899274673,0.37064308385306954,0.3265194718753166,0.2516230339128436,0.2064670198885197,0.1605451795738729,0.20677388335097277,0.25488822669149414,0.2054287116711788,0.21598507043433934,0.1271242008963867,0.1235988295599612,0.13823585314012782,0.11615827296219218,0.10911462903077955,0.0978167776650216,0.09613665391369175,0.08360572596412094,0.08684817579206348,2.0
316,0.6302027050557586,0.37246262522852003,0.38683596265875064,0.26204279613859954,0.1737448324027822,0.18803963297494927,0.14747060242248178,0.18089838972495123,0.17400234736352377,0.1553412661242164,0.13200354580340493,0.1039782976596484,0.0998220623661089,0.08585580668879146,0.08314621519801453,0.07972172956832321,0.06453695339111178,0.0544617214566984,0.04973383443279801,0.05418917758521546,2.0
317,0.5033203799003416,0.2971353334978521,0.21534998810815698,0.21202105869523866,0.29252272175751864,0.24339916485298269,0.31967496290979447,0.24214654135543776,0.21015455830810753,0.2060267388736213,0.15569023613699423,0.1711245617973904,0.139397409306591,0.12141456095511215,0.14620017640011626,0.14659771149419495,0.11639317690657229,0.11762667331312117,0.09045022481033604,0.09312750758815416,2.0
318,0.5347921401684806,0.41908337325426986,0.30073367217096203,0.24021709216388656,0.2948946685419674,0.19285722571202146,0.20112000351555032,0.19960226637608514,0.213464176414999,0.18097687865920178,0.1411637480318683,0.12302676225675153,0.12463174977446904,0.11016336723541563,0.10355194282752303,0.09580871609310943,0.08284474928793405,0.07784344385811155,0.07915416831068538,0.07504957858859759,2.0
319,0.4493930610001887,0.41082049638225904,0.3306648737028988,0.24577230576700934,0.2681496884113398,0.18390662168673466,0.27002064610104265,0.24057260731805713,0.22012044040959794,0.18645873677551053,0.17016773353451903,0.15476423212602824,0.10662907023649328,0.15543483544406717,0.11372508544225951,0.09936725668881037,0.09653955595186917,0.09182271807471384,0.0780013682389779,0.06866937951811752,2.0
320,0.5265330803714935,0.3668557664941021,0.3253814159086666,0.2961453188314662,0.274727874271271,0.18270154040059286,0.21113449627277922,0.19186571168710764,0.204838658602049,0.1910059839055738,0.14505106614561367,0.12080221851802073,0.1430580142647128,0.1152112622448353,0.09835233136620382,0.11801005061303915,0.08854938395232874,0.10058578768261416,0.09408012021687677,0.07833048713783831,2.0
321,0.6490660202204834,0.34860348917189093,0.273440560299025,0.20899476043053497,0.20301442557897187,0.19873702876213722,0.18858314537591192,0.15580160844944188,0.22332761676136575,0.16383280098753863,0.1447972934305426,0.13055327000129024,0.10671669855499853,0.09649824560011148,0.1123747357443712,0.12794738335168132,0.10661054005848682,0.08137275162265303,0.08395101642802323,0.09343684137417707,2.0
322,0.4477168203100997,0.3094337629036495,0.28452375393599516,0.30829685154324304,0.303789829083941,0.22874287690703865,0.23264509778549333,0.25729551963844943,0.2253934236661567,0.2490942275078029,0.1772546064287882,0.157066050921498,0.11738651767468794,0.14089212123475078,0.11132702947189202,0.11904930179581964,0.11559135915094286,0.08708313329706441,0.07092521841870376,0.08804811996500782,2.0
323,0.48227068972248094,0.3904252291610063,0.3419159775063856,0.27035573192172785,0.29775955069668053,0.25493288570882855,0.231192687388983,0.17989453211624404,0.20281377737665843,0.1664013802764794,0.1507939140251721,0.13570718418667468,0.1305816018567958,0.11279184890011455,0.09420801857567877,0.11235456640234336,0.08892057113510575,0.07367591972529193,0.06970715847823734,0.07795057947459084,2.0
324,0.475757421833637,0.31630324850945996,0.3179228600620402,0.22413725045248611,0.20992340468178947,0.31525960106063466,0.24663321767661056,0.23433663510389421,0.2132713194120771,0.16980703873174527,0.19857124306262403,0.1642916413964693,0.10186167726628323,0.14270800356251484,0.11103775728085914,0.18799168203033503,0.10594476129273515,0.08980388739950372,0.11129502701175788,0.11076105208090956,2.0
325,0.4334110188346349,0.40874073013704615,0.182798519816309,0.2372614369140025,0.23091823076864973,0.24492844375913692,0.3638376359520272,0.2680022601296625,0.18237869221276087,0.19655343743471337,0.17830044094577516,0.16264848882290234,0.1447093662331396,0.14767606594198665,0.1329884008211068,0.12607745964735342,0.08927679936853297,0.08896728160813186,0.09629747332651463,0.07893920997393501,2.0
326,0.49587528619777166,0.45908970267282395,0.24585608596082684,0.2409820634092484,0.22462460367131626,0.17124305795431105,0.1981790635674998,0.22242159735606193,0.17825698662595088,0.18162737694441186,0.17850269318103573,0.14613856120028218,0.12561854394007418,0.09456698826826199,0.11287993764501353,0.14605448442646476,0.14390525318110012,0.20880323591150426,0.08728064057274783,0.08714454633713987,2.0
327,0.44490664690463344,0.4630275632930708,0.30540275768818326,0.3071715448188773,0.24843287869209876,0.2111664648991224,0.23037741293791228,0.2525073317009936,0.20505917688235734,0.17942678036670187,0.12668439025039158,0.14056382412597515,0.10941851610049422,0.10769857674694477,0.10080344180651771,0.09232314632494376,0.07385213390318508,0.0938128965031181,0.0763443442201066,0.06711456904048677,2.0
328,0.49504546831965185,0.29705252011610556,0.38559392313196694,0.23190755004685557,0.29667697811237986,0.23336501246210342,0.21703791547691934,0.19396571256370512,0.22214888009706268,0.1950118704067044,0.18209707827971555,0.16786751597238303,0.11070483341229576,0.13239404895892826,0.12405351791170409,0.08834030021512834,0.08588215995827549,0.11484035899604386,0.09642573618661363,0.07391737799326575,2.0
329,0.5097613101895366,0.3735323356139386,0.3374705346794758,0.2670722276702783,0.26616379541210744,0.18703612354814245,0.21521383720555504,0.21491101052870729,0.25512617439703855,0.18240451809073063,0.13977389845031465,0.15072990625436314,0.11706282238243143,0.10204791006407438,0.09329058044692996,0.10453295685179173,0.09040329360139707,0.10997774555425839,0.07762226278539915,0.0800986937590287,2.0
330,0.6970299649466539,0.35262591537209037,0.30498843946416515,0.25232128408870375,0.23380058855732544,0.15594285608079295,0.12831868820096698,0.11291952386083856,0.1402785599956012,0.16027990713997214,0.13195275095821313,0.11025422188089651,0.1022349048618694,0.09180717211099654,0.07987676442536484,0.0904296933607544,0.07323054380751846,0.061783572639251404,0.0633766776435667,0.057902407568519235,2.0
331,0.48296857465662507,0.4389991436510328,0.36067891551323955,0.26696956569512115,0.2574719918692268,0.2016395776274131,0.17435728253229957,0.24955838845880718,0.14586550166846776,0.15895611119354758,0.16862774208375503,0.14688623654996755,0.1261118021809027,0.10316088102161292,0.11788069336661613,0.09976140922648201,0.08913556066205601,0.094726405403066,0.0656147478783279,0.06968589507539022,2.0
332,0.4386772018560677,0.362199740752373,0.367899949360777,0.265011704051432,0.20208476356356644,0.25074497790105105,0.20140935672969365,0.2199704319286818,0.27953413243385705,0.19073593398583175,0.14792304449873916,0.18398958269249138,0.14191638744406185,0.12286168862544238,0.12895442440615484,0.12408524311481807,0.10731494481537347,0.09232485434462463,0.08334445184860721,0.11673400122511833,2.0
333,0.43946449724388364,0.34594851567902724,0.34277357332443265,0.33791829030405773,0.32387525533327216,0.23619549091365813,0.24536573742182968,0.2108798525975323,0.1715763521592374,0.1902670660202456,0.1551963451736789,0.1450779225222809,0.12305797176478928,0.11665441921072145,0.10950012659121067,0.10588944220782623,0.08792388757956067,0.08470524624883635,0.08958996327416731,0.06700827040329886,2.0
334,0.45591314978373093,0.4021844766188363,0.3275228934425157,0.2735851524922699,0.2681406573937833,0.2514380948319239,0.18947723916069414,0.20799879141586594,0.22103647443915744,0.1839348158349681,0.15493266796731006,0.20096977319473658,0.14445615293837005,0.11630412516648318,0.10772196830485722,0.11501673171167634,0.08860021578399337,0.08421145104532118,0.07796504654151101,0.08158296034795467,2.0
335,0.4548134735641283,0.4011261306185869,0.3343716346852122,0.3157014452302034,0.22339286902276692,0.1930348759612391,0.2517155415988728,0.24984361387166332,0.21740160019551588,0.18615221326215287,0.19086571837412844,0.121489819189635,0.11188492222754144,0.09723509332066352,0.10032590918731296,0.09105171087507044,0.09776136629058092,0.10254960760370142,0.08283168397302255,0.08632705043264008,2.0
336,0.5539020315957877,0.3711377753609777,0.3702073914101759,0.183022102226074,0.23349299352712752,0.19711037475876006,0.18428801077526688,0.1946481944123251,0.22748146717889944,0.20443266208241284,0.15483936486942257,0.11885814969024497,0.12740033260336459,0.12235876959124023,0.12275559330699821,0.097240104350831,0.10253791358040772,0.08806498445288238,0.08019449019148978,0.08721520498832587,2.0
337,0.6144175503585851,0.4276329923662643,0.34205426309685394,0.22883386135083073,0.2069174850903171,0.18813371157346545,0.16838714609552397,0.15940678284342794,0.15209960852482812,0.13460496266003233,0.13826871873446592,0.12366092817956263,0.10868077271540923,0.09864875625230413,0.08990963859508969,0.0806108521238233,0.09546873376598898,0.07890560799678333,0.08120119336009161,0.06752148995582168,2.0
338,0.499446689173249,0.3258594238184124,0.43163378667941316,0.30996567584096907,0.2778099001073034,0.19986801042096153,0.15460000329691112,0.16722864623622657,0.1792905667103951,0.13321445193032197,0.1523973869862797,0.14546604241207534,0.11925486381175153,0.1219352055933478,0.11788912745685359,0.11226767784664346,0.11830970755790023,0.11011716637970317,0.09407865137139977,0.09026602924808826,2.0
339,0.4458655314810504,0.3623750583052356,0.3107573865215508,0.28828671482165574,0.28304172458169224,0.2803156280171738,0.21251201802421352,0.18773884451109482,0.21562685509258409,0.2091522717239777,0.16590116929765605,0.1705264322917058,0.13383285759117144,0.13014879928653975,0.13745772223476774,0.12096778142666081,0.10864163846269508,0.08574772024119881,0.08640056166696491,0.09628903403515922,2.0
340,0.5815602022269732,0.2569354594652125,0.301301321910233,0.3103540275875365,0.22242767908862401,0.25583737249666777,0.17648557612571283,0.2210774210037757,0.20136866967959513,0.1770825515357843,0.17367594606519038,0.12622808355291815,0.13104940916442243,0.1088558324987151,0.13114174498874648,0.11339811399214128,0.10067037072697446,0.09600017479221072,0.1034798276074239,0.08109671882676492,2.0
341,0.5080724183437779,0.3805513140585443,0.33135598121777615,0.30821091731971945,0.26798591045568765,0.21376140523718706,0.17296302364667893,0.1825468662188238,0.251672340563073,0.20108281397621655,0.15710033367395906,0.12819439495289378,0.1245231109197233,0.0993241203862892,0.09725039747019844,0.08952451301285307,0.07460168585382661,0.07492540283342558,0.08315195736123097,0.07535107245345248,2.0
342,0.48148372208975393,0.33251453420594423,0.3213000646503763,0.3604570629914151,0.3245306083296577,0.22244273367783754,0.1925149477903386,0.18830393653041758,0.19271706090793003,0.1803557189639736,0.15127226654601322,0.13510952966364909,0.13139463124834588,0.10121706705052211,0.10429910752594922,0.13261026897480904,0.10208385875462968,0.08375154978429311,0.08520817371415601,0.0751544154832012,2.0
343,0.43222110583195655,0.3853409415837181,0.2728333963238306,0.26531994692676125,0.327690473450987,0.3220621775455344,0.23476566736981122,0.20068902813566608,0.23670534576869276,0.10865852162296152,0.17634484849650928,0.13327940974482733,0.13233099494782657,0.09963275509390365,0.1302420654437731,0.13116400061409084,0.10749505794718524,0.08924500233723692,0.09592750889823423,0.0796512742030783,2.0
344,0.4836317590138385,0.4154054373256609,0.3180348430003319,0.2697814033100829,0.2240755129780787,0.24901809493739688,0.15973393395720076,0.184257706234432,0.1643922653969526,0.20904672434069566,0.17382277946613342,0.14556680306226932,0.1288492973448071,0.12002330348023862,0.1323218830645588,0.14022307516881474,0.13591172281397285,0.11633507929891419,0.109114562330515,0.11706508642179149,2.0
345,0.610191374642589,0.3795430994431516,0.25089561473656063,0.2935116482613474,0.23280927270249013,0.20427375010327295,0.24223294153234226,0.16199154351096523,0.18331730083913148,0.17692921932171915,0.12691579374012685,0.1375580646995548,0.1104186968264281,0.08278016799216224,0.09645645818068652,0.08173872804208215,0.07579486657764427,0.059552867333574205,0.07272446533041972,0.06419233967783212,2.0
346,0.5444543332610828,0.3905511185359974,0.31130761663773443,0.31000826007549814,0.22824139336078614,0.18098921463645956,0.18231406895238486,0.15378697305366865,0.19774697443303774,0.20612603576778107,0.18276787794064292,0.12682720392316202,0.12254435981332192,0.11737450683722937,0.11311812625686307,0.1076499069207274,0.09212998739246753,0.11633659127842697,0.07212156522975056,0.06927377938671124,2.0
347,0.5222048403878232,0.3631138543063357,0.3040312694025614,0.26790475241549566,0.27230492451612504,0.2570943464157796,0.19148625618114987,0.2220045153452158,0.20690221961542865,0.16632234830276563,0.17031953188660315,0.13794359453663352,0.10922374418450409,0.13748950731250828,0.12229081724169791,0.0918366888107333,0.11338651834845637,0.09351152043724134,0.06420523989169578,0.08116486895548916,2.0
348,0.534118309374189,0.40651195768278087,0.28401443142650895,0.3145776357992653,0.23507810475962507,0.169377883150548,0.224367816072238,0.1801852882337116,0.18712970353627179,0.20435551516637848,0.18870376090425173,0.14109446264942452,0.1064043966535765,0.10372782106702436,0.10032195188637283,0.07693255760210943,0.10991488255948827,0.09199435377940536,0.0758715571560232,0.0801465661827227,2.0
349,0.5434595366232461,0.5029874472526188,0.3255170476530351,0.33419012735870424,0.19176845038287374,0.20083739918219076,0.14995386912474654,0.10688941342748148,0.13783157507390004,0.10894494828386263,0.1445317151318374,0.09715872886576964,0.09665079788809716,0.08776587020680084,0.11103360860075114,0.11038708310638808,0.07003611241269411,0.06518892083491659,0.0729474959354578,0.07588739419855378,2.0
350,0.4306596318637341,0.3577271619348712,0.3692004389525082,0.29946644691352176,0.2553738779206998,0.22909941331127753,0.24300353357606966,0.1931703982722525,0.23086592726146588,0.23869558693097429,0.19683627287967292,0.13076912772494365,0.1344872321157879,0.11878829048332869,0.07531029075759263,0.10733457151044042,0.11067568001533612,0.08487386454671154,0.07197787793888875,0.07977156780857261,2.0
351,0.5906615905385395,0.4297736446621175,0.44025995016586955,0.26053287537026343,0.18959123630929295,0.15689554194654465,0.14023565095948515,0.14132020314792948,0.14261721672303926,0.10428787198721974,0.11641611881828917,0.0982370914675026,0.08107416788500893,0.09319071598664314,0.07873200489370459,0.08680843479045844,0.07410849368916571,0.07288492095383106,0.08003975195607778,0.06234850543044412,2.0
352,0.7759522260964197,0.2918012191935079,0.29279025808318526,0.21032578116030481,0.17435653761747746,0.14817971250538506,0.14369484268096064,0.14213967452535536,0.13280206032429964,0.13204309112331572,0.09102818625333456,0.08207342215482312,0.08941829261558147,0.07296209795515142,0.08024243125905753,0.08236152111116346,0.06296312312093659,0.05694061193841051,0.05591185169586622,0.051085859536457646,2.0
353,0.5768688795913456,0.2747599523902812,0.21369847962232547,0.2641741901298983,0.2021355216113895,0.2552634599564942,0.2039271644354675,0.3163921613213391,0.26774924795229943,0.15237717770233145,0.1961413824677009,0.0746011772804058,0.11186850980961835,0.1337720915217438,0.11189827828900885,0.11299995458935097,0.10809114642757875,0.08667695396700204,0.0888589829754447,0.08263309882336048,2.0
354,0.4725401717207775,0.384887184280433,0.40344875921173007,0.2661541044716673,0.22283371932147647,0.27782480026995127,0.18578176892885453,0.20997287557583916,0.1624455337625577,0.16783848481132577,0.1722972609021106,0.15780300887334064,0.13172560664034633,0.11169392430056638,0.08594089752031088,0.11111921965135738,0.10318420789971819,0.08224975731080267,0.08113148369399006,0.08253799398243866,2.0
355,0.3885771302049199,0.24628227305371714,0.33429436991287326,0.3477307388591424,0.2764871067913796,0.2896654925287945,0.2457980101062521,0.2710593746486256,0.22399779863736263,0.2073635787708155,0.19564699330405533,0.18082100292500874,0.0959204432270287,0.14062685457157373,0.13927298704076585,0.10358900998477666,0.10521177140790809,0.08950793181994134,0.10603491669457192,0.08868409502399816,2.0
356,0.42781023680716296,0.31893743242293776,0.3486941957087649,0.28314456593359016,0.29380968689599474,0.23459846316091712,0.20662423537484534,0.21011570268285112,0.24244209178104817,0.2073067744787198,0.1828801389988546,0.18092243221428225,0.14134137442001904,0.14654019561496354,0.1325412519900369,0.12820963205150285,0.10811392807665031,0.10956320706781897,0.10877812345620762,0.07988761737734618,2.0
357,0.40862997997286093,0.31209093897629825,0.3214973549556969,0.2887037832498953,0.23640345320817094,0.23585071471164548,0.2657276079064923,0.2891760892254343,0.2579805926765093,0.20729203226609344,0.16321457878328208,0.18286621911144876,0.15007306183274274,0.13069930144174108,0.14363264715875831,0.12620372975826086,0.12684118022522264,0.08231826657217114,0.09227003842079483,0.07759200594812124,2.0
358,0.5140655588307151,0.3971191883648518,0.31713787081583794,0.26073568292672405,0.21567397228966273,0.241034099966175,0.20366170558028085,0.19358777777581893,0.22291094298079758,0.17506318439328133,0.167807633780145,0.1339657032841084,0.1214846801534431,0.13307104284174948,0.11726687101084207,0.12028240468064955,0.1260061647909568,0.095917796382129,0.0914603709259875,0.07304250213830595,2.0
359,0.5253583725019818,0.338547414940557,0.23300547835623098,0.27067278286476093,0.2760691729419016,0.23789463659437532,0.235743328781621,0.2074714004017668,0.2999319308586494,0.1832286045157037,0.1529419306691679,0.1269950398713168,0.1292867875145436,0.13372764920318408,0.09116070735834891,0.12421220533545332,0.10564957510618868,0.08653800160753287,0.07799758248203524,0.06541658917555089,2.0
360,0.7326517729351105,0.39566217706495777,0.3362973356105058,0.1807440033857586,0.17559364975176472,0.12566419762865066,0.11344530134699596,0.11507228616782002,0.09890068952422591,0.12295645160940394,0.11122376071919171,0.0924181452203092,0.07477398200316429,0.07564638380362862,0.06566656194439441,0.08562865458101993,0.07840090633451692,0.06998205670182939,0.06854708673398564,0.06049946889735343,2.0
361,0.7886252242981401,0.30598137372144085,0.3064257752948039,0.17171679473868479,0.185024311356832,0.1042556265162703,0.09928054981316592,0.10495872632743053,0.13536030700546028,0.10552151417824694,0.09808203699065228,0.10132715717717272,0.08575416080446945,0.07279075750965308,0.08429510636136725,0.07581224480612189,0.08123304845994317,0.07735059864068274,0.06753129377437626,0.055621359979672304,2.0
362,0.5714302587476298,0.3482973413731194,0.3999249718533415,0.30681155749524414,0.2608696631771673,0.187452551845243,0.15738995903038483,0.17057312826468163,0.17683299816424175,0.1525298843331017,0.11372802723198688,0.12773074231970122,0.10781530770536538,0.10469785224744745,0.07570721263038184,0.08312873368943256,0.08699694441707503,0.06685511866519797,0.07391180149799008,0.06716855186887241,2.0
363,0.44181885926371084,0.3759639988243006,0.39366030521007106,0.4303890360757036,0.2571622134516546,0.18762439866877062,0.15134576221437407,0.1294068166840526,0.16476875022724763,0.16735058159222135,0.17028650759238487,0.14581948815054677,0.11633905394635836,0.11098943174880546,0.11203451924241684,0.07948110761055341,0.09856759148764895,0.09356017922687888,0.07980013692398392,0.08533288627549034,2.0
364,0.3731698327403439,0.4797923292302614,0.4604687910427738,0.28855796903392206,0.2953997667450669,0.2021633035252907,0.17413910964492432,0.12469791762096556,0.13722885131226895,0.12947150010524922,0.154910852294264,0.1484929825847779,0.13528558397366197,0.11392851137528746,0.12513584525825605,0.10423808121585021,0.0710312434146687,0.0776193602423049,0.07110483223391478,0.0752771346125449,2.0
365,0.6383926877997075,0.3342761999332655,0.3100698333287336,0.25819889777479543,0.26301151051265637,0.19189453590127928,0.14368369525992278,0.17619476421463368,0.19530036111172655,0.17263137196346515,0.11725422608557459,0.09491245662839873,0.12540416523616585,0.09450846243724471,0.09727425296868171,0.09908607942679797,0.09500299853255194,0.07952410307585507,0.07736597248123116,0.06512893080646741,2.0
366,0.6257236245467287,0.3910581671086494,0.2978891076026425,0.26505224655293963,0.17889136478421475,0.19419951392464715,0.1809617521144958,0.12669421143000553,0.19057851978889576,0.20327160609037576,0.13922201029097547,0.13025522284719657,0.12618514231355787,0.09327887508974309,0.09821706042039907,0.0910314330055005,0.09422720310089322,0.07472834597458695,0.06401880309571435,0.05414362285734863,2.0
367,0.583829572542425,0.32432271302007115,0.22940602698098952,0.18579907270330534,0.29392617206844074,0.19910365869031443,0.19054765260442022,0.18915867422716992,0.23239959794314188,0.24146023819118403,0.1850844377888766,0.15869068967798192,0.12341948999424675,0.12417102821590684,0.11629612802433292,0.10484941187763983,0.1005336375541677,0.10802175719469567,0.10061056645637774,0.09932929258674102,2.0
368,0.4918037006627655,0.31751438935511356,0.3362559618556569,0.3305667353333745,0.26633396592694675,0.21746468054077683,0.21306597255874932,0.24729975633468532,0.19937920597870373,0.16712426673072514,0.1704258897791022,0.12084997517282754,0.13407180637273428,0.12306579823513111,0.13240817340370895,0.1196488251099794,0.11332197950994846,0.08586807176942586,0.08596580917910682,0.07928767745125771,2.0
369,0.45933886108894156,0.37999106630547086,0.4047964351626815,0.2806997761387814,0.2710970216744463,0.21694425731473171,0.1843845059354189,0.18345088902348686,0.1818307755922529,0.17708587227092346,0.17252415843349322,0.17676148338957445,0.1332959208547507,0.11492280082756476,0.11706957404353197,0.10289616723254025,0.11412699742408317,0.07582975254710837,0.0886801158093306,0.08008440572993596,2.0
370,0.5825214777615674,0.3320860328346284,0.32413155646024167,0.24562505890782954,0.2677601444333134,0.18154092767781266,0.171096861131003,0.1359527693641999,0.1790188709928817,0.22108132847589548,0.184982437149392,0.15789457804396395,0.11631035760916951,0.12943517319480605,0.12165345744446719,0.11390785424275893,0.10539589732356086,0.10185212874330896,0.08354884006205164,0.07740909789561827,2.0
371,0.49712841155645865,0.3031341264204485,0.43391595264847804,0.288366525469431,0.28612309692539467,0.19852397817984718,0.19190772479315352,0.17675434942637255,0.21109746947214855,0.19076856052313387,0.1316464982796642,0.1514081514386899,0.11189844703872222,0.11444847140587343,0.1047005854424081,0.09480160565971174,0.11353450287904221,0.07279950703452467,0.09142149344940695,0.08281810318478211,2.0
372,0.7857656934559226,0.38425408466911654,0.2231628780543336,0.20226525659928596,0.1423671128818406,0.11281827301781766,0.10650298768277697,0.13098039198598435,0.1248222478478892,0.10512390809756765,0.09174241932410228,0.10792660351206644,0.09088487980807068,0.06699200472882778,0.06500909309691479,0.06040019284369311,0.07297773538101969,0.062320829975786037,0.05538594578850508,0.05583023454295299,2.0
373,0.6828515605665632,0.2919443044113021,0.2936546047432539,0.25161030075357227,0.2508153305060938,0.19491647624567995,0.15372657485989616,0.12242144170134348,0.14691365360544617,0.1797872336613013,0.14663579038089516,0.12532004104214087,0.11715792790187268,0.094993569281065,0.088180767101685,0.11307056387243754,0.09902642130789553,0.08149541101270417,0.06975954637598665,0.06068724376272774,2.0
374,0.8779045661990564,0.2990811768629149,0.1415151119080929,0.09111906460628107,0.08871035498564568,0.09421753446336799,0.0655730795747501,0.08164060336932433,0.08794062828238616,0.07569637409367033,0.07424327050730489,0.08165649948207071,0.06891516941221289,0.0892500782667517,0.0908126077606733,0.08366254023207954,0.0990002700568495,0.07891009487311462,0.06821475511572665,0.09750715176773651,2.0
375,0.3874972143762248,0.32781596760562376,0.2881990324596584,0.3105522164958415,0.17918936162448382,0.30191662740074565,0.28117107560009824,0.21547051104040416,0.2992059376623322,0.25130119416863994,0.1838556511443914,0.15107391289169633,0.14312137432341202,0.10595950047728066,0.11832844723848164,0.14007736912203886,0.11395593246592475,0.11139799804181241,0.0835813353865118,0.08435397607749162,3.0
376,0.4051743698957459,0.30977700044086237,0.3423314689857401,0.30963107471437157,0.30860916085358203,0.23826727875810605,0.2264626428663466,0.25621723795724904,0.20250820743749837,0.1877821002413121,0.20936592736761253,0.19606145955582016,0.1708841992203602,0.10842959066935469,0.10718618302926328,0.11602515289231917,0.10729766860490986,0.09179635232216897,0.07648267167846827,0.08730551859839655,1.0
377,0.4258106450437571,0.39904938227703096,0.501695214853505,0.287612683629878,0.2903038609626298,0.23520490491466003,0.1905431102578057,0.12292106933362912,0.15568334152732632,0.17574838568033932,0.1367922339205129,0.1085093553503587,0.09213106838591407,0.08248554922138851,0.0920669481091068,0.08664495092720288,0.07431127785589997,0.05775958034778872,0.06580461293561138,0.06274033721533183,1.0
378,0.4780375617820823,0.3945356784606879,0.36036914824987426,0.2828558389897238,0.18792984958202688,0.2593738790475952,0.23307889730853015,0.17913138294267214,0.19489915138142627,0.1759951533162642,0.1865414728410561,0.1349662652943779,0.13474772130167811,0.12346165390908954,0.13168005493142962,0.11196968402392475,0.08918162181456867,0.11524696618699479,0.07652029764601101,0.06783313188606259,1.0
379,0.4163445571461279,0.41772355195464816,0.44413476161258814,0.2982895247674275,0.24823361942989763,0.21077092744689369,0.1860108013647513,0.19783296075763493,0.21854347621105816,0.16339499750156536,0.15419154229059567,0.1512386079827427,0.12654025062970006,0.1107157267466396,0.10736144519630778,0.07592582882250609,0.07673734707819724,0.07227228797037291,0.07270775226562844,0.055519728371262296,1.0
380,0.43972288904744966,0.4454017277318052,0.2910732732080423,0.3301437828290322,0.2540502698202543,0.2181828351753753,0.17482046604712492,0.1937851119805085,0.22300810971900042,0.16237281340363255,0.22064442254163838,0.1480285056630866,0.12950351969388824,0.10117713091463969,0.1387724686586836,0.1161904728220396,0.0972295224874006,0.08299183639868861,0.07191328640020048,0.0794334282938699,1.0
381,0.4274382520248166,0.3487493343754019,0.37771395594950996,0.35057860138259817,0.24882111184612749,0.22729006159411835,0.21680475985785927,0.2211480163621867,0.18495697214375534,0.19497091058224625,0.1676991002682301,0.13372205405952994,0.1368341009174525,0.13093166917201784,0.1416493619421546,0.08677557090906914,0.1250152771996802,0.08587220676063329,0.09730015569229529,0.08034353457322856,1.0
382,0.32319332407843276,0.48499811039878243,0.48059445895400427,0.26802375443380727,0.2904021554349609,0.21272676639486882,0.15392703557756957,0.17181280235682736,0.16948062348633477,0.2010302160061261,0.17500755525977688,0.1341492587174348,0.08281250622371497,0.09649553858182511,0.10232706055444361,0.09102245853862637,0.08163121047415604,0.07052594407353482,0.07543799420696302,0.06856904326042619,1.0
383,0.45950357391914975,0.5560635118697256,0.3209402559661575,0.2789734480573278,0.24251013269418742,0.1396681441124944,0.18966316812980719,0.15217036672803322,0.15332319148210807,0.13394743166711132,0.18418642756034634,0.12297036252763605,0.12653202607784003,0.11948308823971814,0.08913308273239276,0.09092695070050344,0.09346529189382034,0.07809133529778194,0.06738809986584336,0.07074102779088873,1.0
384,0.41866727029665096,0.42715783022828474,0.3594139407896678,0.2821940958275235,0.20782296934998584,0.23438645386862705,0.23714676290978443,0.25167748826921726,0.17894876059483902,0.1673203430236954,0.19122273244039023,0.15432955723186412,0.1390232678667159,0.12710100973789337,0.13081123869042469,0.1260325491379458,0.10255872749959045,0.07055089657521472,0.07625751501157854,0.07445215555536303,1.0
385,0.4250122505798949,0.5625519704633779,0.39742376415999153,0.2333547574011392,0.214607106670209,0.215134864097011,0.2021369176603487,0.17554026787000324,0.1421880747528142,0.14085556643893357,0.13412905870251163,0.13812229079809502,0.1188455262190967,0.09603529766283778,0.08355396405555385,0.0748291392845013,0.06504445377641689,0.06546952470676985,0.05345998554838432,0.045365341074319616,1.0
386,0.42831655311083233,0.40051942630352405,0.4404455073143124,0.27390439064000754,0.25441632615415904,0.23308692756914473,0.21578944862398985,0.22067626826797485,0.1942243482244102,0.1397533694034976,0.15112903425130558,0.12811162785738128,0.11099701922594558,0.1476889045680709,0.09179585812647596,0.11435307157685118,0.08250529151428507,0.0724321374329865,0.06698133515626385,0.0641155742474289,1.0
387,0.40642177845759486,0.3862177458210882,0.4331511033243133,0.3242896544438736,0.28216950084643916,0.21260622195278575,0.23700480711598007,0.21183298498663494,0.15130299194466051,0.15031628466749802,0.1612293790842787,0.13126575914337865,0.12129619275089377,0.10491373413053663,0.09941323349415321,0.11871637457364227,0.08375876042930062,0.09880664525252847,0.0850061407078566,0.06778097769957575,1.0
388,0.46498624319924503,0.49402056701744707,0.3103477049571091,0.22111131395460157,0.1861902112328175,0.21724902287370051,0.22347055940426513,0.29115772709968046,0.21547189457763852,0.18615285559106945,0.14918076692550977,0.12820444675967366,0.12092504956379681,0.11194765309279733,0.11014050882491394,0.0733924924928568,0.0631074723232853,0.059175565831938476,0.0564762326488706,0.05320725533437148,1.0
389,0.435472315486231,0.41685103607076507,0.34743588337730685,0.2905967153412457,0.24681443655258076,0.2533350138333871,0.1963412031273561,0.20520741819314045,0.18349247486788764,0.20142820039225817,0.184126286413667,0.14559848306963658,0.17236460276113874,0.16710320416885238,0.104999144218909,0.09263799458065028,0.08050492589926139,0.06678336796555756,0.06442354520520009,0.06332186403525271,1.0
390,0.4247170607475068,0.4947291419343902,0.3427264836947231,0.3461052631524083,0.2674651765484056,0.21203536776811757,0.17597163635092178,0.1971930566621261,0.15180099075116132,0.1597217864720017,0.13501503899575387,0.1122301523739701,0.14688013856758333,0.12166973423620761,0.09698195504391662,0.08071260892614135,0.07361396293605024,0.0702298709272233,0.0680097118558313,0.06787716301005377,1.0
391,0.4981740767177385,0.4498016532562082,0.2916154273764035,0.22408225496631312,0.21149260567189143,0.22097564223424573,0.2244455392399169,0.26781791181592196,0.23661996710313415,0.14899977153967564,0.1537031480384683,0.16699805951915309,0.13615938979352982,0.09550949502363085,0.08667457988460475,0.08496889213927532,0.0996436986474588,0.08586821488757386,0.07294026139978714,0.062193000093418556,1.0
392,0.4555534171655902,0.5969568748887107,0.39685323352937935,0.3327864829258631,0.14132753241372692,0.16233925048699396,0.1423567945253602,0.0797834911606826,0.11155349439028718,0.14770198286474204,0.11631941786517949,0.1080840589120736,0.09239769584885936,0.08973526600400294,0.07738090976295638,0.05615160002208545,0.061658759053921104,0.05033028961571111,0.04574821136945955,0.035847562684293295,1.0
393,0.4379983562216814,0.5221604092877348,0.32821558949441504,0.2601972389496438,0.25095970311044946,0.1568313750120631,0.1774488001326153,0.23558135158723925,0.16783162111371414,0.14335390884703217,0.18555854559278478,0.16360150763157585,0.1971285846977956,0.10869009049808763,0.08408712919379659,0.0751432873889912,0.059717894372325823,0.05769112520178382,0.05948469494038525,0.04214082543041534,1.0
394,0.6425372547510397,0.418163126459544,0.2942116032961697,0.21466954828592943,0.18724899129869194,0.2175119266765935,0.18660416466594068,0.1539123962011732,0.15808396462124855,0.1735456781630136,0.15676864632633158,0.11677179173815878,0.09455763572556299,0.08894756591717982,0.0819209352162121,0.07513167192283123,0.07490873674745452,0.06445003755575461,0.05970828071919527,0.053839573859074445,1.0
395,0.4406365049295456,0.4569242275450302,0.411893133817967,0.3056325841318229,0.2767412790484974,0.23903983320314154,0.13495205308431282,0.14080029841843225,0.15448688224511553,0.19295209159063956,0.17040145206923282,0.14527191657476593,0.10739484075520075,0.09029845281091901,0.09767453142854199,0.07233482275729643,0.06731394817694833,0.06048032734294375,0.059926725853996804,0.06893684337793582,1.0
396,0.45156221711356354,0.5251736764283933,0.42529076236578295,0.2904830873825499,0.18177275398503007,0.175198543367258,0.15602937548720924,0.16191795956850347,0.17489271542514168,0.13014780533473727,0.14338150106188963,0.13158184405504775,0.13100211127596373,0.11633697171740243,0.07697081333160889,0.06602470982096303,0.06785898998712056,0.05742521249925175,0.05116763937749539,0.0619263644426907,1.0
397,0.4968244292984185,0.5424434624280953,0.3423694751107641,0.23797667330994526,0.23653775807816152,0.19370366249911383,0.17658187211339477,0.1415857780380817,0.129850666101531,0.16175118132785493,0.176613005613027,0.11620232346192898,0.13298232013404837,0.11372494470566727,0.07282328924644942,0.06587635279474628,0.06976134958815801,0.05631742674686577,0.045788647557562366,0.04750424849274469,1.0
398,0.5254296299684341,0.4846399682620915,0.49949618082585306,0.2802759337378906,0.17914104340226925,0.13844130673612415,0.13041798304690522,0.09951325472098237,0.11176439160500704,0.09451576100003375,0.14843837396142479,0.0950467686572295,0.1058774093175763,0.08742653765292617,0.049326251424011404,0.04803474804910282,0.05254046854056465,0.04262603171762132,0.03669708032477337,0.028586369122722003,1.0
399,0.6029972860883029,0.5816681839265966,0.34514292274151176,0.15857625577644707,0.16114692742257272,0.14541779427675397,0.14815336287658365,0.12375704384685027,0.11568824808188391,0.13902863643526828,0.11113411048885381,0.08336924164247766,0.07257088704045736,0.0470659474082948,0.04901816884055837,0.04291063829003947,0.04115516682620988,0.042326133379742815,0.03768155608038531,0.02759520903915548,1.0
400,0.4975344838276587,0.5559052683826705,0.3144478171974369,0.2586745963121579,0.2058302227861952,0.20223885033119446,0.18409334435687777,0.1575488315238054,0.12666019301072126,0.15427279197546423,0.1607104469457331,0.12834703837062,0.13180601828839428,0.10801495972949346,0.06796076132414156,0.06805481957017656,0.07920781262825047,0.06239201368023837,0.05340753918708109,0.046981591564876954,1.0
401,0.536681502336525,0.5805379921713034,0.3664616806747131,0.2277934410997547,0.1725593046141984,0.16198559256690837,0.1531260077543596,0.15262770090770952,0.11425772570012506,0.10842237710134495,0.11745263851072259,0.11764166170881883,0.10311714054450241,0.08392750715084281,0.06367905972741825,0.06333263006107061,0.050613763830012454,0.04025258210974751,0.03745102544343449,0.04725688488251173,1.0
402,0.5534503085000658,0.5889884310342669,0.2991982718928157,0.23277671285529333,0.13486621577464195,0.1425958524983052,0.1742104750886372,0.12138970152180725,0.13513392772551577,0.17779138788022647,0.1393912151637846,0.14698124113938305,0.08288892066259836,0.088871702480428,0.052444031876500395,0.04932279326188219,0.049993943117667645,0.050609671032801,0.03953285435710336,0.044651524684246886,1.0
403,0.6005678497769317,0.4752816241663112,0.35102593784588465,0.2805770868582937,0.2288076452439226,0.1784814043515516,0.15998428759437136,0.10043169027962863,0.12004220895439827,0.13890234454989492,0.1375194419115117,0.12012822637299983,0.08057245212606245,0.0665280859248081,0.05510674482196892,0.04570062410507104,0.05351517675790884,0.04549967038088914,0.0474646294976844,0.03628092015198565,1.0
404,0.5836863737420248,0.43876549939497,0.35806062501263036,0.2827630514056071,0.1864268753632655,0.1787699070117574,0.22190273068326896,0.13612988510739266,0.1289969984870365,0.17087409303142861,0.16653776587529126,0.12881455920152968,0.10282305489097818,0.07194292557803988,0.07746879368466154,0.06175456016656669,0.05191354925842861,0.044945108230750035,0.03806915181462018,0.04746502155958011,1.0
405,0.7202032248388339,0.4531697889785103,0.29002143197878943,0.18908049864477608,0.17199679278017033,0.14970438522855936,0.15568481581073013,0.11635160493404068,0.11736585536631722,0.12809549104534929,0.10667738625726307,0.09105352694013516,0.058813602902388164,0.0521554567190229,0.05314417914206743,0.047917492038738685,0.040632427568304305,0.03859836313495407,0.031664278272021736,0.03183943702307356,1.0
406,0.490075953736146,0.5817699506703298,0.28065395609119376,0.2359236495472594,0.1884271596152083,0.1798901476548914,0.1744962756238863,0.20949830291723623,0.17198101527046825,0.18852792919920708,0.1470926839533413,0.13180036122977865,0.08807556836914504,0.08467442539771185,0.0820510296052165,0.06624497181314343,0.07077961666426269,0.06997247012276789,0.04728948330735387,0.04920420103579391,1.0
407,0.8285485766654879,0.27944933554875345,0.20266274212113142,0.09799953652755708,0.10646243133979083,0.07058035600770149,0.08604558578424142,0.1377554771179387,0.13853786840206575,0.09431735681749082,0.09625978565379652,0.09813667904761073,0.07616618002047511,0.0949337093364825,0.1225724640199357,0.10629638348234695,0.11882754236923367,0.1299977690936165,0.09881529081294406,0.11461774255513094,3.0
408,0.45267106445050515,0.2064149413115709,0.1812221830319681,0.21876317409940804,0.2148103191553143,0.1959469282778646,0.2763191064889983,0.33080292831198316,0.4018923081820832,0.2700690832053881,0.16360290874924693,0.13559215345134987,0.14599251739253982,0.11168243898195267,0.12699884958876267,0.12500073287381433,0.12438641302058094,0.10888229630144684,0.11484984775251424,0.12568651313307372,3.0
409,0.40448277328021437,0.412747939089613,0.23168844924744492,0.2561337416379549,0.25296016281484784,0.19451527578145386,0.18616143076335195,0.268949456445314,0.29703118963941,0.20413453351598254,0.15741308882258997,0.18584163849373583,0.13182864146240805,0.15314528403094074,0.14395837647870027,0.12227634793125522,0.13346816386944244,0.12538036891887325,0.14324057527065417,0.13475830256624172,3.0
410,0.5503938903492188,0.330728290866172,0.2578816281608067,0.2659585283778171,0.15452422124001267,0.22356218679154088,0.22013933644711722,0.21138386165578116,0.26609226949414505,0.2135612455536697,0.21463297815768018,0.1697998013100804,0.11218043345876207,0.09342812587270893,0.12306244298203042,0.13352592021885779,0.10796813365510931,0.1032011143515549,0.07963785283970098,0.09590033356755329,3.0
411,0.6979462996938581,0.44742696363903606,0.25685365557735246,0.20082171654512607,0.13315861564199827,0.14058681581915866,0.1347179315825086,0.11287265584204524,0.129455119595069,0.16245561160389346,0.12020915492290084,0.10562961659230079,0.1047763111046055,0.07927963853103072,0.09999951649466686,0.0750560708970003,0.09234489421027617,0.08646182247811973,0.10585418519551727,0.09554363744518045,1.0
412,0.47846066716221436,0.4286211577235461,0.3040183723061385,0.2536989513347606,0.22135569511651762,0.21050224512795526,0.2558955024110564,0.20826016774949627,0.22374242385799917,0.18716723105592242,0.20281250662593608,0.14201822977615872,0.1309116221402596,0.08934533653683303,0.11159184034096586,0.10589826487045471,0.08485703453369633,0.10035262444028349,0.08916987634029014,0.08944288228294775,1.0
413,0.533827460854585,0.4544732599966504,0.34337814789469595,0.2096104204027838,0.20864388384555918,0.2000134146377747,0.2105406769910584,0.1981157684276476,0.18361272114426108,0.17626847158779185,0.13426519993654448,0.12768727902872323,0.09640418130385778,0.08777380379814705,0.09989650336482428,0.10848418093753812,0.12441038158373008,0.11144653176832085,0.09189630301293858,0.07292199422273357,1.0
414,0.4221781471844016,0.46118627044586596,0.27367263417679727,0.28526804252623894,0.2711092517315485,0.1700384822424582,0.2214778915092529,0.16616340602296162,0.17953753534981665,0.23580995216462153,0.2011677089884866,0.19880714760516033,0.12481895193887275,0.11984079571759035,0.12596121144556824,0.12333252794932822,0.11099924303950492,0.10710048271100678,0.10210285680126628,0.10322000389515255,1.0
415,0.5114669234015323,0.48142716656253187,0.3817362114383078,0.2824422411255185,0.19713178057435213,0.15658251605883422,0.1399605357096259,0.14825911822721508,0.19782458353357502,0.16551081003521728,0.18894912278285675,0.11384666673013219,0.10634447249435446,0.09169063738602332,0.08969121302788166,0.09183919736839241,0.09318377051266856,0.08316596163205191,0.0703766451755138,0.06515680456434987,1.0
416,0.4514457318851582,0.4897065729810408,0.3002238248129158,0.289598415028446,0.196815980183237,0.23483203257908164,0.21082248818129437,0.23689930479327756,0.17110682882719655,0.1798985315187144,0.17457248978870926,0.13402970600998088,0.11859698611060382,0.11337039373379793,0.09598920130512577,0.10311979876199737,0.10791194219642258,0.07652922484737956,0.0860276268789543,0.07863779620358728,1.0
417,0.6140892244152867,0.5371134385087808,0.27963577524567246,0.19493874159433863,0.14668667620751819,0.1263545263948099,0.14200495801547475,0.13338943423529095,0.1872630610092898,0.1441284663728656,0.11604352265589885,0.10087076198696719,0.08839542637009634,0.09863653143782151,0.1021479303240811,0.0758893447786659,0.058988052194062585,0.09707298847947139,0.09564120817923917,0.08659052205294263,1.0
418,0.44648210748341666,0.4995497485527132,0.3536677444238224,0.2584866576505406,0.19424626952569146,0.22906098437999522,0.17412780621406593,0.19107589610966316,0.1799331509091179,0.1826669483070799,0.15011259369273805,0.15407612044892044,0.11027011132492241,0.13011435916904307,0.12544431852023893,0.12130286534975554,0.08417326976624288,0.10931822718861989,0.08535508621102694,0.06556757251027977,1.0
419,0.47903882262706654,0.4263592344643122,0.33997001567606044,0.28634294787017445,0.19362311189381162,0.2610271741238324,0.17569407016411923,0.19497744997855013,0.23041064754769094,0.16598911719138718,0.17177819340189807,0.13388300988167992,0.15650186880071856,0.10658093350359733,0.11255749299580402,0.11006209545770029,0.07803402847414295,0.10888220434220391,0.07651048862295382,0.06442407913822032,1.0
420,0.43244176002559415,0.43988460467645385,0.3834023934870129,0.3098158435101065,0.2222682173020651,0.17820448723867027,0.20465905132260154,0.17927790332059196,0.21749200926262152,0.18302215802969946,0.17056988070996687,0.16672303242547867,0.1366528685155927,0.10638356007837921,0.11628633093381761,0.10398777650726733,0.0993800626738175,0.08594579264372973,0.0925439442228769,0.059000680214081724,1.0
421,0.30539803903733664,0.49474122368664136,0.3116371743231877,0.34973166247948523,0.27424923723404776,0.23060742707763127,0.1910319914113131,0.20407674793885347,0.1586266095898509,0.18442955294242108,0.18327080285276098,0.17846074235911544,0.1749678485124062,0.13150334927723223,0.11588697895581714,0.13609955087651437,0.10205113651187125,0.09693818309827307,0.0791450691554987,0.07383761592609302,1.0
422,0.37977909783782415,0.5852959419644994,0.380766556627616,0.3145090859137057,0.17391968293978743,0.16102276385761377,0.19431798035979372,0.17090894909662088,0.16580834917713944,0.1408400120876362,0.16038525575060264,0.1319905312403832,0.1059789205106032,0.10910927286463429,0.0857359128722764,0.08399485895772604,0.06932422976654336,0.07542700174520024,0.06203947143993562,0.06158128468014384,1.0
423,0.40584840182469034,0.5494611246535098,0.31269068322422194,0.2872878846788077,0.16625827239060964,0.22840593729967476,0.19083253795372948,0.19883930133059302,0.18169434098955597,0.20253988973112222,0.15069006012849526,0.15652954327848836,0.130971283133071,0.11429857896470628,0.10509993183671996,0.09658375117713457,0.08574132491855876,0.08140552178219015,0.082294383538303,0.06868372270514712,1.0
424,0.44545833037069815,0.5594071061362066,0.41930937775155014,0.2294425999759705,0.22014433854714865,0.1737197849341259,0.1698993376381709,0.1747238319878253,0.13793196643917208,0.13026053415286076,0.18082479442161922,0.13259112818353444,0.07520853241173739,0.09169113442585296,0.08045032926182706,0.05957748185506992,0.06210851921516049,0.04989310448698558,0.052537792016487304,0.05163944312518577,1.0
425,0.4243946747093209,0.5857198811696954,0.34800632318578456,0.24449877458607464,0.145152037837396,0.19042682188557217,0.22675142508919774,0.14491582363978575,0.2152186691215875,0.15103040081649205,0.18050163052349413,0.12485596044580896,0.09261761414866433,0.10733147891220951,0.09193016516194576,0.07485895799162925,0.06338374271519905,0.06250772749351853,0.06434825795616604,0.051647149229014575,1.0
426,0.47226254959574226,0.5089080053839047,0.34209262668386275,0.2604967126575449,0.214884209277202,0.23382443906299474,0.1739730136761399,0.18198171749344125,0.17018049242034447,0.1731342076519855,0.15947674602027861,0.13544810300541765,0.11712399588041256,0.10100154551014924,0.10063025936629966,0.09327391648961199,0.07996619206061367,0.09411767017984551,0.06159238869103986,0.06598285254083523,1.0
427,0.4291777317074489,0.39720756618606123,0.30246306600437634,0.354345084736479,0.21555775818132727,0.2102480459021403,0.25357551523557487,0.21196683699568225,0.21540323042523146,0.2433143541847534,0.15806858129182308,0.1278529309352479,0.13230682466934415,0.12180688254011528,0.13202514457545975,0.10929738076510395,0.11262387449907846,0.08264889043691323,0.08184963891417515,0.07888615517133668,1.0
428,0.3644226207328408,0.5202300176403377,0.3361763641794817,0.31274703440333756,0.26880104989043857,0.2001458232729936,0.2190221278331601,0.20725760535083687,0.19335789846918836,0.1606486931784755,0.15827953667559608,0.12833195573082737,0.10430711671525264,0.10917814942844786,0.12450375983894839,0.1132245546481327,0.10468007962728168,0.07087392623552642,0.08519108019923649,0.058452551552160115,1.0
429,0.4148851329032084,0.5098340259796494,0.4253157304048331,0.2904781995393768,0.2511859373413976,0.17650350437052179,0.1647885007775502,0.17625206725986867,0.1642184774869669,0.12975284939629897,0.16767498724149218,0.13008708781169812,0.13828315742277877,0.10685968235514295,0.08681404385134635,0.07967137302021085,0.06862051055039974,0.07890432719040946,0.05268382838406539,0.05677930768386836,1.0
430,0.39830760410458504,0.5185544770665184,0.2998946899010847,0.3628469091895414,0.14836807933954987,0.22778413011589446,0.22748821674586558,0.1495393818300067,0.17400911001112276,0.18670738819803673,0.14647020095721874,0.18233117158213039,0.1707663546728039,0.10745081489052781,0.0882436133320266,0.10827262457293046,0.09314006694653593,0.06754665701677293,0.07285792357200391,0.06516419899900532,1.0
431,0.4180924271989761,0.601247727935255,0.32207632831152155,0.2693673965237172,0.2151787200449831,0.18114079595106974,0.21648213637974556,0.1716341414711574,0.17563762348144807,0.1376919050776229,0.14526361093813772,0.10698251042420971,0.11788738709822344,0.0969492275897065,0.08004158507366399,0.0782023372003067,0.06706719446073653,0.058451957796787087,0.05373443958885875,0.054735579804275306,1.0
432,0.41433051703439705,0.6449457005185515,0.3502077160902589,0.2829019909246594,0.19266030890714492,0.14364192276540366,0.14634985728139854,0.15744644031596497,0.13569896151912744,0.1400915968377469,0.12342537058819299,0.10823068519796862,0.12570662942069244,0.08040112299081119,0.06768282243873334,0.059960242270620946,0.05707229239667682,0.04865082105771811,0.0382767973780444,0.05672834162342912,1.0
433,0.6897520846649217,0.44436880599252687,0.24493876889397476,0.2342978957222687,0.18931680109079632,0.17585481053000981,0.1587268081567476,0.09756143468564758,0.12617700337322085,0.1930683126037813,0.14264520338360426,0.11128231213131395,0.08151839916872404,0.06458209772362282,0.056630017580809926,0.05795414599719269,0.04762347338346386,0.04223539163772931,0.041285819614095776,0.03666367588086957,1.0
434,0.4544564323833141,0.5608884831884224,0.3573655192494833,0.26414927131782917,0.17295368164184477,0.20194914883456788,0.21260298070836706,0.17357604689349224,0.14824120589316395,0.16380995805799473,0.16453556895679403,0.11907417513397615,0.11311364936423304,0.08238044418870198,0.08887864540233317,0.06923655855384273,0.06132768878988286,0.05758941059582671,0.060698505798551544,0.047616679633178,1.0
435,0.6055406914967612,0.4834106625742907,0.37378580799290567,0.22634888637245895,0.16713214467011206,0.15069283420359988,0.20409195011959935,0.15868883533270028,0.14377681434306924,0.11319680162344974,0.11456470796246421,0.1258256714580526,0.09070819808375835,0.05905164910487224,0.06089266245656271,0.05659545263473541,0.05548094568800352,0.05286354636537426,0.04508373617743344,0.04726594609289084,1.0
436,0.47314107000053646,0.5991680916582642,0.28888268784332727,0.24233711424269075,0.2354235464494334,0.21540445198136735,0.20749534700141073,0.15237437433876289,0.15508876945296565,0.1660721042031215,0.12244344043335526,0.11257019060761221,0.07984671977465653,0.06383166387366918,0.05932089535675481,0.06429292682666131,0.06443156238983717,0.04229760799982844,0.04696584623064499,0.03623949028385285,1.0
437,0.567454763868236,0.4819672669884173,0.31976101721649897,0.26593698955442335,0.1813758485986898,0.21158832338682618,0.21365854327439185,0.11958254147153412,0.13878768326879326,0.19359710204795247,0.15965877462117903,0.09917052069681143,0.11623645890766922,0.08915731087020366,0.0702439663398853,0.06294167781522084,0.0719531999354862,0.05578907582156334,0.04912375124926915,0.04461016893556256,1.0
438,0.7317167262729426,0.33246952765341703,0.3277771101045511,0.21283488771501802,0.20306823008063457,0.1943088194459963,0.16141335940864854,0.11603124395660422,0.10884576536260426,0.1760186482347298,0.09648636851699093,0.09036741805296133,0.07379727425564364,0.05846062266288832,0.0607162310002153,0.04684203342149372,0.05275357851338678,0.04570456990608406,0.03547437164401635,0.040342587603472105,1.0
439,0.5307376011228813,0.49670590796019337,0.3069283757045806,0.251097850204173,0.20114346815531595,0.23071384174666412,0.1991747085427771,0.19636479268892934,0.1473819321107076,0.17384776308931593,0.16813947962947173,0.14293515455818978,0.12009037964359794,0.07909830652745403,0.07918361465021626,0.06617711928195281,0.05572419684581091,0.05417691025430409,0.043339352961324525,0.050361408396180814,1.0
440,0.5385387746069326,0.586276406472398,0.31486254685823545,0.23422236969161983,0.16097646186759312,0.19278158916890265,0.183517156093695,0.1468556421632974,0.10066170072609151,0.14122998423845526,0.1334778677374212,0.11608336591145486,0.07504323673362215,0.07968368254636976,0.07820778314817298,0.058555878949303856,0.06213015889757085,0.05652414265115196,0.04734020998349852,0.041728907633398045,1.0
441,0.541589839664806,0.5667238407303707,0.34158229015231745,0.2829020241700123,0.16611270197768588,0.17985439194784175,0.19185638518014309,0.12675277562075252,0.12277154512689073,0.1314127881702523,0.120909789898311,0.09040520167954973,0.06956768411340679,0.05040638583956795,0.0495806225335623,0.05734613575018259,0.05108699916688826,0.043075902578496444,0.040885015117874915,0.03971917482958089,1.0
442,0.551449945894681,0.46851504663043125,0.38061897012194695,0.2895516635308971,0.19431754832255935,0.17824523072290438,0.16723621360362184,0.16216425815264046,0.11871136508661566,0.11875981195659224,0.15764423708925263,0.12694417524847462,0.10909111249129735,0.11260234612680302,0.09014522431463261,0.08310078665738947,0.07742099631969376,0.06248692662999185,0.055790383243423614,0.04586618781462039,1.0
443,0.5730336646756692,0.41744850420188256,0.40348483906528715,0.3224580577509582,0.20967492955778463,0.19997378604186494,0.17679412667460162,0.12435353015830218,0.12046661776748284,0.14658261947110326,0.1324719181611691,0.08733391936754457,0.09639230498917797,0.08382123430503333,0.06997428811235437,0.0700356433917827,0.06855967122921724,0.0557437612082061,0.0503597478586548,0.0477434349829601,1.0
444,0.6598935843004168,0.5352002548465432,0.3165954904639438,0.23791826919009704,0.1408207219178958,0.14045513265452453,0.13401445245574228,0.10937376889957348,0.09839924405472264,0.11489875530990856,0.093264720036311,0.06112664149800772,0.060106317950193444,0.047416846362270296,0.0479122400409468,0.049112435850592835,0.038139684054546846,0.04379970190710708,0.036216540117842554,0.03479058586778047,0.0
445,0.7253374128532727,0.4929646046771158,0.2736799588521153,0.21410146951287715,0.16259387388868235,0.13286144250232668,0.06711150240646171,0.09894885452543899,0.0991949386002267,0.14055180707311146,0.06722575886920296,0.06466267651408415,0.04616050681815631,0.04789236288352627,0.03997567625425303,0.047875401907060626,0.0416218812355041,0.03280347834041004,0.02856174447817971,0.03890763261253883,0.0
446,0.5451626942959461,0.5732173386216551,0.30619853559237675,0.26046842129709985,0.22522559756555594,0.17941928701869791,0.18018470510998305,0.13370915061715813,0.11611926939818198,0.1463315369407124,0.10096516156370344,0.09255074736540668,0.08137000957607338,0.06793900958582129,0.060387020837107876,0.05343037587408113,0.05224346466226468,0.04503773786983876,0.04276934464113726,0.0370712188736669,0.0
447,0.6407035170492137,0.47777833435951533,0.3408880417249395,0.2535022008614639,0.19546435589936423,0.1788652654416261,0.16041002601258586,0.10026433008581989,0.10101915262182985,0.1310124319341132,0.13603729992149743,0.0972669315644278,0.0772590410901731,0.05379631568704459,0.05444869580754506,0.04393824636229897,0.04017993928712903,0.046324045687677104,0.03160690391576778,0.03036000879802136,0.0
448,0.6114817038022138,0.5462813950705826,0.3564330046551518,0.20989100421065632,0.15967994544898986,0.14927001811325333,0.1574333355912084,0.08941282587863342,0.11080213129101721,0.15041910191696423,0.12126930010362989,0.07929643654357166,0.08272689429250217,0.04925467958514727,0.044810280423931516,0.050432350895819066,0.04489989160561954,0.04270735315526234,0.03886370610355468,0.030663867804875063,0.0
449,0.5571677194814022,0.48963816396477394,0.3759520559691498,0.27947918199536786,0.2263112070191226,0.20084976654968106,0.21154980858694492,0.11996337937121168,0.1031058332230253,0.11737416394458206,0.11871847521276165,0.10762649351226757,0.0928010450320539,0.0698851742862649,0.06399871553665895,0.050141210214412826,0.05493658225866615,0.05016255587935924,0.04651624644635772,0.042178775715808574,0.0
450,0.6606614754913036,0.5260332281194557,0.30785373593264337,0.18624750880457053,0.18921719237679183,0.15015138074887494,0.12022472150120932,0.08470360080197183,0.11364890297513558,0.1597331027054781,0.12708624281910336,0.06870286257748504,0.05386536015743925,0.05640207199984256,0.052718779366353684,0.054383210649768685,0.041426802127275654,0.04838790520844302,0.031196416441948416,0.03498771686019856,0.0
451,0.669554055458121,0.5017012380838297,0.2983613387798984,0.23224168651250737,0.17766739720040706,0.15907766749129343,0.14829813753130866,0.0863392013667411,0.11438773036574583,0.14208878101333414,0.11453731621060421,0.07722778468694023,0.061708995560322326,0.04612322342520755,0.05410600503285831,0.051206319101515414,0.048796549455502276,0.04307522099550776,0.0353481570772453,0.0373051004710797,0.0
452,0.640092370932015,0.4653649022032574,0.38559897327600534,0.24023169268557176,0.1791136541789057,0.15206598572236085,0.1662104625229996,0.09047099666829496,0.11708875948352367,0.12029227547001727,0.13317519276357404,0.08275374851161052,0.07261455760824438,0.06272268436041943,0.0551402078077792,0.06084158198941329,0.050966978353246234,0.043993388171190285,0.039091343883303695,0.039097159988897484,0.0
453,0.6286806199712698,0.5627284837217744,0.33439767777973506,0.18813792893704276,0.16612257138825826,0.15976333408899676,0.11430014577015994,0.11431219702873265,0.08553198854146656,0.11477649756156422,0.1186832535966236,0.079487758510318,0.06473633373145993,0.06444629553121238,0.057938307322228086,0.05403278653593692,0.05193377265668983,0.035788588706758794,0.031759974137302464,0.03356015571083358,0.0
454,0.5185252057611877,0.49229010881413715,0.43894901895497,0.26634598922971386,0.15443384567906304,0.19816714692673185,0.1956194901674376,0.1531423624068453,0.13122464675817158,0.16345336776884065,0.13870483290463462,0.0944785115600132,0.07631378108976794,0.07892152414315942,0.057125474069155205,0.05703801946803763,0.0532523470668354,0.05537496196291077,0.04550049299432167,0.04101649792568927,0.0
455,0.5870089773793249,0.5724361838571994,0.3728667607908957,0.22809547753360532,0.1480910728368485,0.17944263336489422,0.12297840093828975,0.1165957780865014,0.09280502493416466,0.11119249737956678,0.09914284848066501,0.0663587321495758,0.0648411963267975,0.05600541977798989,0.052556584874744655,0.04912161462673082,0.044385968881626374,0.0428095669586702,0.034452057695023255,0.03340745130022372,0.0
456,0.6154432408456455,0.5101906169466665,0.333132369340956,0.29229414832977496,0.18900325156474818,0.14598856207104188,0.12620326405910368,0.14176038302403263,0.11056265625886688,0.13108566125505638,0.11335994194012589,0.08342238436048652,0.06428562349629585,0.06647852209145148,0.057833935294488076,0.05243494634360473,0.05742759336445278,0.04190685259072136,0.03540064566903522,0.03595947684309184,0.0
457,0.7100441663434574,0.46953642694727915,0.30958543533929933,0.2573529751331876,0.13290233052367997,0.16620162719429857,0.12354702657985948,0.09511669339448052,0.09042774208852394,0.09708577287841783,0.08979316865136744,0.06675188828721233,0.05514150980593107,0.04596170471013932,0.05007948517973805,0.03359774400080829,0.03795190013323526,0.03841460419307591,0.03184728445452151,0.029334438445221347,0.0
458,0.6307165917673309,0.48502125739949026,0.3063709583403809,0.27441374622385106,0.21338682211070795,0.16213560817269573,0.15356218929603244,0.11787404138655674,0.09675850588310533,0.15381284372734813,0.1380373999324833,0.10346634189535141,0.06666191451959758,0.06489834852441222,0.05597085192757141,0.06350337804746917,0.06208060233481081,0.051857045715047026,0.03975357570019719,0.04198375436024687,0.0
459,0.5336007993206076,0.5910348682044975,0.37611607645976053,0.21279060315881843,0.21312367500968588,0.16549158391880694,0.16903915256875932,0.10983719494237976,0.09298226721111084,0.14046883062067164,0.10168559453135528,0.08213236894724002,0.06457468534432742,0.06670058017125766,0.05327505656278453,0.04618599179593079,0.04221756643735724,0.04275574194377919,0.04260857191746269,0.03575242454821921,0.0
460,0.593079120487869,0.5509263400394833,0.3279952626151005,0.22378253274427024,0.19249843018425808,0.12362331806539004,0.16985405043812712,0.12830852857416858,0.09441249143083871,0.14739725303992943,0.14208410114379968,0.11333279675730665,0.060762844340688675,0.06716449084183936,0.05951550555267146,0.06617358009956155,0.0616992075717095,0.044158411379478506,0.04335293009290744,0.044649921378389267,0.0
461,0.6241105682279358,0.5816593816495174,0.22902547798695533,0.2650124565810828,0.2184346614655107,0.10766334548015945,0.16698478620808527,0.11347799653805313,0.0804451881875055,0.10460913787231056,0.10782202360224442,0.07056052810881791,0.05105678132198974,0.054698666876737835,0.05031861532093387,0.05019286835469177,0.037222576828738904,0.03608547604186294,0.03248592075398155,0.031557865896222795,0.0
462,0.7554949078392833,0.4508258816723537,0.25046076879093093,0.2033132102448636,0.14074717836390405,0.14183779989774908,0.13548270078998892,0.10539567189993591,0.09214087912189323,0.08858377762582428,0.09743506810865935,0.08593596405344149,0.06512648583214081,0.06588821306273027,0.04929689578341115,0.04556900481872135,0.0414017877376196,0.03841234714512838,0.038127891559565065,0.039707364149845076,0.0
463,0.6577487673860657,0.48196044015610967,0.3166434819672951,0.25084206499239525,0.1948971180556468,0.1946928295337856,0.15999779937991304,0.1098624553105641,0.10320371412287366,0.11250042367219695,0.09943378107076037,0.08783479279187781,0.06525338137443275,0.04347218004630011,0.0500034519136687,0.04988340992028839,0.04628386167259701,0.04008581041784843,0.0385066895133249,0.03254029382592006,0.0
464,0.6152917568581133,0.6166010822074792,0.26303967279807955,0.21357119968797514,0.1680644489080783,0.14292796780798236,0.1201632769512545,0.10686270069760603,0.11359535552285821,0.1037770767669147,0.09606625179650145,0.053675261773208784,0.06638263534736405,0.059405969490850315,0.04019223490573434,0.04585878516773073,0.03563554026988691,0.03919435034667028,0.02945313089685706,0.027796251287793824,0.0
465,0.6696716826799113,0.4475635605660357,0.3172278111366159,0.26524292802172844,0.185889116650131,0.1772467284237656,0.1468650004145027,0.11998691734580408,0.11751802956251135,0.1322178214356786,0.1281495360983265,0.07522576917553608,0.07232057153114523,0.0568266015538181,0.045664920993227116,0.06418064366645003,0.06185201850960825,0.04389461672424459,0.0485417503122079,0.046433911913238694,0.0
466,0.57737677045961,0.5424970038855088,0.3328141714174403,0.27085138288147953,0.20003395699088658,0.1509163574013973,0.15125600043212437,0.11047772675000098,0.0931134173288003,0.16966673685825684,0.11143097292015851,0.11988730028794596,0.07402954349868132,0.06573498655583675,0.05992695064738524,0.058310854584437535,0.05638154289926237,0.04134073372846596,0.049490969661262874,0.04424251916581635,0.0
467,0.5877122428962623,0.5911107007242637,0.27120068383497775,0.2761447208878046,0.17755145789938556,0.12445178232839149,0.15892338383398585,0.09187228177963884,0.10866777824948656,0.132853533974607,0.12189073665554354,0.08979393015883858,0.07686400523564851,0.0646883262191932,0.046466865582781736,0.05475447098943578,0.04745975629743517,0.04231140042779389,0.03929048491705873,0.03809810917167941,0.0
468,0.6343510515392133,0.5715996043645407,0.32727963137914523,0.22993279306360345,0.14553703177349042,0.164566251534567,0.12246281071718337,0.0873399788029157,0.07092792116551856,0.08965863797013265,0.08736124678407713,0.07358351130888872,0.05784666615011462,0.047618539796472986,0.04280731799900414,0.04412996727838977,0.03776706808711699,0.031922448356088186,0.034572201946313844,0.029203129296128567,0.0
469,0.687252962129892,0.5403311007931376,0.25272301819805976,0.20500311437765953,0.1643873984264597,0.14070976700288632,0.15338033695933417,0.08297138407445383,0.10541560163717449,0.11240539898950168,0.07874706813505615,0.07477256228216275,0.06247124687384379,0.050429922851544746,0.045397373088633085,0.04297209371114034,0.047897826849992955,0.046259800297338276,0.033567453954788974,0.03383005266162174,0.0
470,0.7199931958615522,0.29468805014690175,0.13573233708624416,0.1525232264799776,0.13020544693770097,0.14961997704480784,0.2032875135981755,0.3455698983522573,0.21715695453458556,0.14310845788294302,0.14026658380645163,0.11455441003748927,0.09646940340478982,0.08521554722548932,0.08853046003189932,0.09196899584865463,0.07452112264477878,0.06611829846393108,0.08352381113696512,0.05289949250800168,3.0
471,0.6129184929849549,0.42701056007219645,0.2967601798427794,0.21065896676407872,0.18963483316777513,0.20496785534572207,0.2363154601456001,0.2239909287024606,0.173558103534522,0.15169453808634886,0.12433387680728038,0.10873483142379786,0.08500779480592263,0.07926690473206538,0.08173161249148399,0.0742087167270358,0.07385592311422128,0.07427465118739178,0.05583932445411429,0.0731924853025644,1.0
472,0.7044389825133716,0.33491540308224255,0.2340902871713782,0.18333415918609108,0.15417373099278664,0.12979307235618093,0.1939430178104462,0.16243686358307768,0.17264692287286296,0.1439983447426425,0.14850044399261222,0.11783310097236885,0.09917997853642808,0.12499165416654442,0.09981891313780653,0.1241334663802564,0.13612652389049643,0.0927193386084297,0.12443031532061224,0.13656528606424007,1.0
473,0.5273965375551427,0.5855155148455645,0.34989199971055446,0.2537447369850233,0.13178326005873617,0.1622289528765115,0.15963283849050056,0.16521476496685733,0.16664205689138606,0.10840651749535078,0.09582366442273778,0.12093041205736504,0.08803527254139427,0.06436762610157663,0.0675231257619039,0.07304080850692729,0.058986092530275744,0.059185413177164886,0.03750287211620626,0.04738872020531669,1.0
474,0.4652848794303149,0.362976352046593,0.2913221264534227,0.3206087948848613,0.23585768952026737,0.2553199162165791,0.2264109599527399,0.27877695773714756,0.19814655231577685,0.21466866898622217,0.1594146748361959,0.1733036800891331,0.09940897028444633,0.0884048140022267,0.1308620090033625,0.1104920739015193,0.07894790860088041,0.08958409082269203,0.08147562076943349,0.07473131487216635,1.0
475,0.5583439300993578,0.4075636193936666,0.3030281831300118,0.26620872261769624,0.18445474407822854,0.22291896343656828,0.2103827359942483,0.20707222210268955,0.17183611195620246,0.18787956240806478,0.18102461969631958,0.14514541694831337,0.1293752261175619,0.07289303316415631,0.10557347613747878,0.09717527049276113,0.0975077171522224,0.07851518336312484,0.07816789537690817,0.07421820429657343,1.0
476,0.6185792052568954,0.4216937809774225,0.37820222830934686,0.2614001755721285,0.14928774650017818,0.19749445088169126,0.14170350870339168,0.12390746268452113,0.16769703844816622,0.16602737401887002,0.1420072579198696,0.1298365446804849,0.08750541098123729,0.07895478898990291,0.07329923303054975,0.0685206069448292,0.05830246969861401,0.0695003809483515,0.06546960635986394,0.04751504192235568,1.0
477,0.5774912466240774,0.41929514778662563,0.3057962231823396,0.23228614192657956,0.1853096106627667,0.17177772132524907,0.19002075435016094,0.15986957114289052,0.15828720475029529,0.14448125135795103,0.14552323073225698,0.14160530364239649,0.13754204391875047,0.1360433265869732,0.08809119032738756,0.1303148194312068,0.14215393278936883,0.12025158690042034,0.09086887840288671,0.1595686711916893,1.0
478,0.46981539379022663,0.40395670080467805,0.36965333086031676,0.3280857152387423,0.24657902623486505,0.20342318444284732,0.2585221060318605,0.21752661881554525,0.18389076827615117,0.1550695546910439,0.13409050764572755,0.1231438575710195,0.1063766484123573,0.09624337011937066,0.10731644127369364,0.09136720277125816,0.07645081493730257,0.0899384891942608,0.07374061040446118,0.06821280585023483,1.0
479,0.46524474653281844,0.45463367418910466,0.3675046715418274,0.2581359109930229,0.22623551000398168,0.21240717711418944,0.18115191297806552,0.20220727800421237,0.17652621638079008,0.18638857245997034,0.19084624462688912,0.1480407305745139,0.11475996350676469,0.11567555454532058,0.11845071586238845,0.0970281496669939,0.11833259146271875,0.08423591222418392,0.07110097480427775,0.06905572705429151,1.0
480,0.6315204096251756,0.4546648627604229,0.2854291927188524,0.18952367735314377,0.18536788839233764,0.1306148651152539,0.200508564240968,0.23666396623803723,0.17278680223814533,0.1579021515984392,0.1379438269266878,0.09743163399370845,0.08240029806873872,0.08647501504767287,0.0938927280826046,0.0838148254947511,0.07239150400658104,0.06524210219689669,0.058908776093758344,0.05524643536593558,1.0
481,0.4714595971486839,0.4560643719275766,0.35069074878616135,0.3310924762624246,0.21515315013242617,0.17779670588331195,0.2433750953448615,0.20959040628367454,0.1663767287183134,0.19063358963422794,0.11330684479500126,0.14136365263292486,0.10923885640143685,0.09483750200528912,0.09918499926353085,0.08708569166908851,0.07822972527825248,0.07234987723480928,0.06899434597137988,0.06895509598945967,1.0
482,0.4780144348017433,0.5671428385408404,0.35771804555420444,0.26869715482964346,0.18215196807887635,0.19177355931859555,0.21946241114772452,0.1555045756419859,0.14965779323031111,0.12183759955831153,0.14451381417662573,0.11668792843424604,0.07945935273823268,0.08396057759515727,0.08316224649363242,0.05531592164947402,0.05732987593381501,0.05866641805327939,0.049130032304723,0.05626372915878748,1.0
483,0.34641385868231267,0.589706165296759,0.3977882508487807,0.3041734770633736,0.20616637889228895,0.2078519095719731,0.18328952848739413,0.19564043344078427,0.12608584927758557,0.15020610445449037,0.1390749572199578,0.13913254193067479,0.08364251166939687,0.10388607468265904,0.09314695568266672,0.08243931082172469,0.06411114192388631,0.060492883469116555,0.05503714623752511,0.051874254036918234,1.0
484,0.43571119511903406,0.5884874558993181,0.3810355335896884,0.3186949722200972,0.2064319534381387,0.17833001829408654,0.18234821815309465,0.10867401397992758,0.12574608315646169,0.1418423663997563,0.11730412866699912,0.10926163581905746,0.08727022572607608,0.07099704010752012,0.07445557478980305,0.07143256905935898,0.06352193617668646,0.05701884791518507,0.04898743180091789,0.0546669581067712,1.0
485,0.510199698764426,0.5622825696833206,0.26739736066819625,0.34047857946872984,0.15389601224132957,0.17642638034024247,0.1677855521606278,0.19544387590143622,0.1457257658495242,0.1596080433933033,0.1381544227891673,0.11167922019690797,0.07812382988139138,0.08896994669055802,0.06599847703657787,0.06794298338147059,0.07225785221946526,0.05219415065799832,0.05469815091720928,0.052431399685637065,1.0
486,0.3683200647034713,0.5219417955736805,0.420041010065615,0.339740210756128,0.23967997550296932,0.18406009701190654,0.1869875201352706,0.1729425682661942,0.15192656061589796,0.16525904267860325,0.14737396991962942,0.12505165338643143,0.08760696741603731,0.09502900346053686,0.08377444618987623,0.08870136534773389,0.07920812989515456,0.0808652184865584,0.08932873346569926,0.061054124430475,1.0
487,0.4087228174979939,0.5223531856340088,0.3624153386112502,0.31265440429292163,0.20605151214489426,0.17170924173121663,0.158626655730352,0.14201134425680512,0.22519834578837983,0.16659076250892027,0.23666893269321618,0.1529127632722017,0.09875652114995921,0.11041162453681863,0.08294994673998914,0.07619788307058678,0.07900298340249992,0.08034868042426438,0.07386390870135874,0.05549148949279494,1.0
488,0.47113259600079826,0.4900821707885474,0.3496697870035491,0.19343465856017916,0.2031431669833497,0.220859315580103,0.2432972482843839,0.2547652323858589,0.20621932571336796,0.18514008692437783,0.1551309570454739,0.10479448797710786,0.13580242969859285,0.08965305284187788,0.07489302342560666,0.06539350722559058,0.07725555369695837,0.06359074751283364,0.05830719409771951,0.04893688547850305,1.0
489,0.5292762131062481,0.4328936455470529,0.3636220158936534,0.25152730049102295,0.2659527101842083,0.1935146265193977,0.21555484914365386,0.17653335891403105,0.15480461415129185,0.16597641831570378,0.1611777713654236,0.17129782477153122,0.09610056740774907,0.07888576579212032,0.09724615863258577,0.06899258651795022,0.056308556403963414,0.07703926142022534,0.05814029004693821,0.04670358820879655,1.0
490,0.5233220688984447,0.4879032592023309,0.34397682589105766,0.2436156323342421,0.21315163380055674,0.2526216113910359,0.2114926837063923,0.16540447802743016,0.1370076889032117,0.14927147803948695,0.1750159725386257,0.12613714699525866,0.09701860098656624,0.07933548375910686,0.07908485668434345,0.08674542801162467,0.05972176998538205,0.061853245148798426,0.05370270370402665,0.041473332272888234,1.0
491,0.5387880801629964,0.4928473363014439,0.34760601903903926,0.2254692957051641,0.17435950849851006,0.24233096677188343,0.22504170088827205,0.19102272157570444,0.15700074654991616,0.13121773446317786,0.12966394922326316,0.12335539987942067,0.10537561879718182,0.09815417879235658,0.0814585422533255,0.07541785770389187,0.05710791570121321,0.060121180677266475,0.049736581726653455,0.050751799923989385,1.0
492,0.4473276230345491,0.4939472442087327,0.40654228798707737,0.24778669275261228,0.1490700016639087,0.22768489974888192,0.19733128137135356,0.1651253103932296,0.14191468463120666,0.23989783341128948,0.20576071837354276,0.14109124361699918,0.11979661349186138,0.09376833265513763,0.08812614505459669,0.06865609407251093,0.06477612960277856,0.05716512515529921,0.056049420805122534,0.052981665225967284,1.0
493,0.3985919332900011,0.43767090866570624,0.42560694315925707,0.3046275547481634,0.23277614400867114,0.19994934002621018,0.21333729242888314,0.17525578536639136,0.223124951392617,0.17023062539311565,0.1878945951402611,0.12879470365500847,0.13146004024306088,0.12272314515895277,0.10724910256671596,0.09742689353907165,0.07249018953530095,0.06961149455751317,0.06509554552483876,0.08310717509160157,1.0
494,0.6413079221606476,0.5148091730598727,0.2859531471433723,0.19649985258486255,0.19131285049941613,0.15535096461969525,0.14939510523326485,0.18984636493738077,0.09638285226940993,0.14835710407370487,0.1348896734296948,0.11220257128374635,0.06690690067544365,0.06936139753007892,0.051106717848029025,0.053844073534566925,0.04555518021102062,0.043785376333213846,0.042218690536771776,0.039517166804111124,1.0
495,0.4488278894016267,0.5585436320596375,0.34400940740639296,0.28129541094882143,0.2076383852396136,0.22952678508253233,0.22067951432040328,0.14406371974187634,0.16132192466086157,0.13777167613803795,0.1084020096791574,0.12804288272630515,0.10891802847077658,0.09463144251110661,0.09154275069473274,0.06815856025753497,0.0751738572859124,0.059712882498569035,0.06203513753080603,0.06166139983663388,1.0
496,0.4143754228908598,0.5098150033525567,0.3336142479066376,0.25800695900594534,0.22418520455144542,0.22567715838548838,0.20841748352080394,0.2031841767260945,0.24671405990069756,0.177936082771196,0.17315863182521843,0.11951308757388668,0.12356717905345173,0.09937777974569931,0.1015715772734865,0.09137070508241062,0.09880464466708999,0.08467798653830995,0.0573673905036204,0.06143684320333232,1.0
497,0.5391068224655673,0.6526533835447058,0.25140826700941404,0.20324810485967162,0.19219767832676476,0.13526130913536294,0.1344376335821599,0.14307583507531457,0.10778615434953966,0.1724629102885852,0.12486056611428084,0.0844739404553974,0.0650455782985294,0.0686920416126054,0.04935657803412768,0.04827823146888246,0.0430481694818028,0.04877480559068391,0.04136936216101759,0.03693904209852564,1.0
498,0.5221835995100758,0.5686542888597965,0.3706344926598237,0.255916085462093,0.15322047464109773,0.14310719587977574,0.1592994713153676,0.15899181947585767,0.1610466257410701,0.15649502585462535,0.11921272374720611,0.11552586068254368,0.0822859514811579,0.06601530224590066,0.0620654588186734,0.05215537593085983,0.05490469189216758,0.06004107260339863,0.051010657520937454,0.03968957965520453,1.0
499,0.45963343568041404,0.45037459452015255,0.334886274409465,0.2918325553460084,0.2470406624613213,0.2090250734236205,0.2637935144241902,0.1912841725058423,0.18379404470383512,0.1807263827671571,0.14816925149811425,0.12443249657906355,0.12257575963200823,0.10202773992565019,0.09154725308726003,0.11121577771182842,0.09274061991375065,0.08976627836112208,0.07501740061992768,0.07305447633078706,1.0
500,0.5211984085313629,0.539369019745277,0.251715604433961,0.19424812112143985,0.18602146567872496,0.1870728237990532,0.22423900832929758,0.17087598662292194,0.1696015761341934,0.15307330933998137,0.2051427360805822,0.15514445108247646,0.15756745147161091,0.11912738366007153,0.09251489168790097,0.07552762623165638,0.07597649701966154,0.06121425216901869,0.05668228029652554,0.053795972393633436,1.0
501,0.4568032124428874,0.5368894847706047,0.3623981736195804,0.24524907992413375,0.2735637135213094,0.12467792422254545,0.17686344533107265,0.2154939362961698,0.18066739505260734,0.1555575160028454,0.15496582139761894,0.10689152910796179,0.11527239547920215,0.08188862123628918,0.0777892819246707,0.07206746775876828,0.06911358811693138,0.08686446067488486,0.051058345515921005,0.07109472263288995,1.0
502,0.7619977975961756,0.2805968601323358,0.1743027039936978,0.10710557844748464,0.08697158790271829,0.07681951371130612,0.10856697659973187,0.12219089051061076,0.11655749900046208,0.12322516459445186,0.16309792726082,0.11488786493061712,0.12434119525660248,0.1506418109301613,0.13336115695829595,0.13896696594091945,0.1697757316298814,0.16841340371451877,0.16299049299385834,0.17611160854971422,3.0
503,0.5669473535974059,0.3865014199594437,0.24056484660911562,0.2172276620302483,0.19017120199932447,0.23989748519426793,0.19060737361699467,0.26675273564132,0.1965427429877782,0.14887374197441441,0.17627271751038623,0.14782351267210445,0.14656616631009445,0.14793815913198327,0.11883553234555867,0.10633933284564995,0.12025373964345369,0.08153836639309518,0.08996370572827327,0.10586524491416124,3.0
504,0.4875158952403632,0.4602128656506788,0.31146888323124083,0.23331127240074853,0.22410060104680082,0.18078483836209716,0.2139016141269542,0.18447304051197144,0.20799383461495408,0.18761383098568565,0.1656386009927296,0.15328497394228902,0.11275843886499451,0.13319685275387702,0.12409575121527887,0.11369997342741703,0.12508371216960154,0.11388884871960839,0.08695229545412046,0.10974282400366814,1.0
505,0.43600566350296976,0.5167711157268036,0.38668977909380275,0.2870437623270277,0.19714372321328535,0.18949678883558,0.19536912114142496,0.1982135019212367,0.16752020780513477,0.15427112341865742,0.13029709496973768,0.11775764802897819,0.1161675627191693,0.10375233424202038,0.11506422294184931,0.08415319794377214,0.09186177053128652,0.09188264470765865,0.08608117953655445,0.08433531666815865,1.0
506,0.512953595846117,0.530667032772144,0.3136632149833532,0.25447084236581713,0.19698765402982366,0.2011107664774957,0.161891907278572,0.16661997336014303,0.17035863908954774,0.1416967691424857,0.15046127795766254,0.12993778991163232,0.1009552487369787,0.09357879366539437,0.11308421364712047,0.09931852134440773,0.07566189016287514,0.08479335895650841,0.09349313607499926,0.0838509207615256,1.0
507,0.48481959524055357,0.5338345205785783,0.32842284068155475,0.2809823675391847,0.1754607605962845,0.15280640107033233,0.2035089848965391,0.16861006145468424,0.18520781880661075,0.19155193559974765,0.14123623266585514,0.14777943409341252,0.11024050993843917,0.0881882519155477,0.08616291112258347,0.08129741342991897,0.07959594639970803,0.08293555499434332,0.06340907298526618,0.0720969926883964,1.0
508,0.5837132774170406,0.4691733476984393,0.38962291598989873,0.18559382653190734,0.13589418019645016,0.17017829598084502,0.16297403504594338,0.17614985295265254,0.18353877914971925,0.18203445457941184,0.12385307310222868,0.12941114233753437,0.10971473452918272,0.07872141603204168,0.08828476056766628,0.08470259414001102,0.07078154787291052,0.06340446879711684,0.06318545462691907,0.052453645024159515,1.0
509,0.5980973299281466,0.41049873372060236,0.30027940350334453,0.2274458148114998,0.2046304668168289,0.1890821803032059,0.2511753403773473,0.21454456326173382,0.15034450243415237,0.14482713076025971,0.13331613719590196,0.1331065396399793,0.13049187812724827,0.09550102854185342,0.1057642629865591,0.07622134649899921,0.08919149950150874,0.08051143466796427,0.06484465391824666,0.06535771204498228,1.0
510,0.4682596453396347,0.3741227675752977,0.4266167764376575,0.289732570117951,0.1539682362113163,0.23962561088400555,0.24311785517471715,0.2016908356881117,0.18374569596643706,0.21693058169117274,0.14077229424990456,0.14766117249417396,0.13226330891186341,0.09002152245730181,0.10708993235784244,0.09129952307993745,0.09074585219920564,0.0818963579855764,0.06589641636708043,0.0823322163235526,1.0
511,0.43594915125954287,0.5751886329978042,0.377336726577122,0.3033145571838237,0.20903575440067954,0.16387186446900812,0.1674963061663386,0.13750745529042527,0.15770158892415947,0.18412384470735427,0.1269969603668443,0.08430706827179146,0.09003380742049569,0.07736278251389488,0.07004217808640582,0.06857574980870168,0.07415720300839684,0.08439436850214559,0.06373047147697268,0.06942773034584733,1.0
512,0.4501947637134316,0.4734847515452848,0.4111256537596454,0.2865805282035375,0.18250764550624476,0.19630020691414451,0.2469668068809826,0.20419560246066087,0.1505181956978607,0.1748082178647166,0.14716394517654027,0.09949618362383923,0.1019600995076664,0.07933703281033284,0.08599770351917059,0.09339205719769338,0.08615184431798782,0.10279806190017661,0.0737267036497515,0.08030833416104413,1.0
513,0.4145967665090835,0.579952337980258,0.3344016062922704,0.27310188709814975,0.19590738881095845,0.17363824721914484,0.21301296062459354,0.2179436258832417,0.16556085798167683,0.14955776790723216,0.12204548464915314,0.12073159650572353,0.1376774853630903,0.100576114400464,0.08222038726012774,0.09599999166280819,0.07340885626434356,0.06394112611634263,0.06770804555971577,0.0747940885286693,1.0
514,0.5364044838494941,0.4896695798984736,0.43167965601185165,0.2456200467938607,0.22430172266475484,0.15560662787716714,0.16558948729986445,0.12031465084850282,0.16640694370998546,0.10338972604319535,0.15151709704006172,0.08139152727820495,0.09004475866900592,0.08753932784974564,0.06813831359085255,0.07075703274665329,0.06697792592093191,0.06316689784856656,0.06405519152842151,0.058606788490549094,1.0
515,0.5739492128071417,0.49323619734499297,0.3599744351420059,0.2528124795707192,0.13761482004210587,0.18653500498997141,0.18138287190815156,0.14402991494773962,0.15232527027500778,0.10313763024984139,0.16849694225971915,0.11325128162783173,0.1126814567769112,0.10470586552290853,0.06890482863253806,0.08578241844761404,0.06537682494305859,0.06058422834371877,0.06629513168461594,0.05712372828485696,1.0
516,0.46164523917094996,0.4714187655696028,0.3121809575254871,0.23612938277586296,0.21234864992810573,0.20855814120516136,0.23391430651663067,0.29781070127184733,0.18764024071828506,0.15693170633279085,0.16304154163759363,0.14304500914892612,0.11051479208407226,0.11805318879041707,0.08433748548458316,0.09106762010387841,0.08756722411765906,0.09678967298663736,0.08196812775559237,0.0851254992099105,1.0
517,0.6239784866154405,0.4669344900445752,0.3609213672030842,0.22513292346342015,0.20983386387943112,0.1300020299515897,0.14393726328785394,0.1318364535404917,0.14326035314959218,0.1374545496373159,0.1378834026670656,0.12241098823597202,0.09607129767456876,0.09207966326593775,0.06949654188812537,0.05963938614006903,0.06178634781706647,0.06053003771866773,0.05837430868359315,0.047400970272274745,1.0
518,0.671339007491765,0.47625938690757463,0.26958109453821194,0.2543009469426868,0.13140844156131173,0.1424744601910476,0.19553573979395222,0.188415609001654,0.12720030725720607,0.10886777255001344,0.09489827290537767,0.08236764021014609,0.08702628506223996,0.0776660520334546,0.0680230267824112,0.05541590823183442,0.057414064712432634,0.041691993826415336,0.04004841571980073,0.045517463629478214,1.0
519,0.5746810059972584,0.4705175468124641,0.34946691655614615,0.2542074667527977,0.20059028401814008,0.1931819758973756,0.17455699013910678,0.17167560224363745,0.13371173083308027,0.17467010717386022,0.1597822597901983,0.11969115020739791,0.08013948815543634,0.0861129876575896,0.08241309530541176,0.0570177448456757,0.06414156102379975,0.05568790089168618,0.05122036866264446,0.04629984000607201,1.0
520,0.6489179563931203,0.4116831212254163,0.346515123057133,0.2426912452459624,0.15211084644631712,0.17682753791480102,0.1986080637562918,0.13869672251088694,0.1354882101613948,0.17550252771173272,0.13580379893956582,0.0969131938652501,0.0772364752369427,0.09213207612163195,0.08720972909597798,0.08016901444609845,0.057759058894175645,0.0575208242148317,0.048351483210472834,0.05386129736455559,1.0
521,0.5932414089831084,0.5222157378562058,0.3051510505185289,0.2632798337073277,0.16437370506654017,0.20537281825401815,0.13458270720100873,0.14107967932756244,0.16564475965507758,0.14504353154525926,0.1267419312347932,0.08613059323274364,0.08828665550576775,0.0779194431352727,0.07794319210005521,0.07118878051636059,0.05496946189920244,0.04715352967603519,0.040909256576769214,0.042705960622823454,1.0
522,0.4382944873875015,0.591814649483791,0.35901621766484065,0.23908509149033366,0.20123173191712074,0.20753093692763588,0.1628088189652991,0.14201664117627172,0.17550474114814826,0.15716653431656666,0.12182634602512148,0.15069585634616298,0.12208714466168524,0.0862850509747564,0.08162847542279247,0.06876318318650701,0.06531006883352786,0.07773815864763023,0.04632530201557598,0.04592975270192151,1.0
523,0.49960986339265073,0.544063746185393,0.40750562034888554,0.29092135581284123,0.1983373675346157,0.1825371062262962,0.15758618186130305,0.13728133135570494,0.1368223394531421,0.13251439615849628,0.10310477439021762,0.085839458968557,0.077851365413005,0.06811844810678683,0.06603844962138537,0.07237436152609096,0.06517439524776639,0.05873406763975179,0.04867633940985672,0.05201150681107945,1.0
524,0.49363135658789115,0.5145588666864734,0.36332347943756643,0.23756471378687144,0.18284227114134852,0.2115714941920227,0.2438833024750039,0.18805363211930992,0.16319535591684464,0.16780404170887084,0.12862032438661541,0.11948595461372062,0.08780433628295041,0.09425757098988027,0.08640459058742309,0.06832983758957792,0.06400623960156916,0.07366481101858997,0.05662940897095461,0.054856900375939814,1.0
525,0.5950091537854774,0.5324731014998061,0.26865002400720833,0.225201404304088,0.18808428272531588,0.18146808114294144,0.16843431945509382,0.17461906517678744,0.13625448938975893,0.13685078472470802,0.13683973342599715,0.12220933703513269,0.11076036364206615,0.09495721482994912,0.07022880800759738,0.06807136084486728,0.06164585751883217,0.049839330014117604,0.04852379609123428,0.04400888271513109,1.0
526,0.4336649394640919,0.4982054937458384,0.42947084123376394,0.27689670502424907,0.2276287006122112,0.1795447765819429,0.30399716659662496,0.1645512583846528,0.13567521088871137,0.13426746478250676,0.10221426789763158,0.1400885545095912,0.08239243438757615,0.08397981280586263,0.060114449594025544,0.06319082467171792,0.04936196529979164,0.05555346078251907,0.05203467238410848,0.053666093003727315,1.0
527,0.6673894498543473,0.4695905156606289,0.2866202185456011,0.2247639130096389,0.15736721312004157,0.16820662565914618,0.1581247448607875,0.15080170376452695,0.1701269192498937,0.12473727031251651,0.09827470274523502,0.11668130880004873,0.0944284979313138,0.07436420211779989,0.06757311960676339,0.06528654574314925,0.05860596336179175,0.04976671575084676,0.04196542598599637,0.04336921204417156,1.0
528,0.5831435654314553,0.4696298327397268,0.3463369025867523,0.24772796568941305,0.1929767261660676,0.18009050477656882,0.18869725595605513,0.16382572567678502,0.13821810707048077,0.15197790794685542,0.14482267828521458,0.11207516570592499,0.08145438229253818,0.08805223596645036,0.10977987203752075,0.07901485193582192,0.07241427202231934,0.06009759878830761,0.0589197911130182,0.07217220646377724,1.0
529,0.5120873173758986,0.5078218275879044,0.3596599751545826,0.26263407362632724,0.18572042098255376,0.17505349704177564,0.21804971075586543,0.1955865808550243,0.1781786511898656,0.12833412726999424,0.17126470622064832,0.10128338980671689,0.08339766081484204,0.08561379174050156,0.08685873736230365,0.07222707569470736,0.06877176332691906,0.061351884745214094,0.06710645804896308,0.052591401227032646,1.0
530,0.4480277309032396,0.5093398960830535,0.3575126954010679,0.2951098027615305,0.24797020481973908,0.17570623247264186,0.21353328749839867,0.18148270028748065,0.19218837853568366,0.1295905612924039,0.15909300946962,0.12729027626110723,0.10732524914715813,0.11723745938037318,0.09178912095597097,0.08314148254352677,0.07199641291081821,0.06346688649442307,0.06593335065214426,0.06812678865861355,1.0
531,0.40933889319053834,0.6852456253268122,0.31992164544865476,0.182245558214584,0.16739896726940337,0.17569072519515846,0.1646693554862345,0.14898200288136695,0.15161732679587903,0.16565736083521454,0.13856402220604566,0.12004918587563045,0.091705838972357,0.08701742050156445,0.06649011623540284,0.05559005428312342,0.06568808192811325,0.05216479214603516,0.04906951180900092,0.04622188693163516,1.0
532,0.5700169025155614,0.5238944519786746,0.36924787667883596,0.29561557523104043,0.11813340992054554,0.1399982264296208,0.16193599593063643,0.1440277203875592,0.14904327219366048,0.12706040545873387,0.1118257767648541,0.10935958604259106,0.09312891058894396,0.07885317276461154,0.07418228894525225,0.05893217987755782,0.05190245444309248,0.056347983103315145,0.04643402905436243,0.04056892404888487,1.0
533,0.46890189126784887,0.5721089377384382,0.326573703285541,0.26950765196981225,0.20793038424340754,0.1839979063666193,0.21165400449490715,0.1687593779367356,0.15718095669393678,0.1411404047854512,0.1196703602633009,0.12976991461625437,0.10654031973750624,0.10002976564835152,0.07092526973000234,0.07011957232203736,0.07369839393262777,0.0675634874701606,0.05494138848808488,0.05535099702887218,1.0
534,0.377333745502516,0.5130392251049409,0.47263918744573546,0.24012495937157655,0.25649908182493564,0.1787760114290189,0.19908838387463781,0.16919935325630445,0.17332152276084353,0.1269577965440142,0.17640848073051713,0.12698989111159292,0.11416420677131461,0.1003029791711037,0.0801828328661947,0.07979108319628915,0.07905077682715714,0.07429902229993454,0.05855267965369658,0.05340498879464302,1.0
535,0.3726858491468639,0.5922992284966577,0.4900158494921228,0.21750918956125218,0.16530293421972142,0.16868566398266557,0.22393356624253657,0.13271729064358093,0.11991713741466836,0.10019341716351625,0.14119159015900776,0.13220907041124186,0.11724897305327811,0.07974798962944393,0.06772611882921035,0.06349275468397525,0.04613970420422733,0.0390269255358355,0.053329921251056206,0.047609331105511195,1.0
536,0.4690360772996154,0.570968119183498,0.3848784499434746,0.2786696174227138,0.2283971549512003,0.18901249281464866,0.19965362374671577,0.13744467780396813,0.12398077336442544,0.10798985379245266,0.10864630747028478,0.09816283513924179,0.09700242940044518,0.08496186725073392,0.05193028700670758,0.06094134756753,0.0566807199879429,0.04878472427040729,0.04758556685969725,0.04690587513968226,1.0
537,0.6283043583815165,0.46387720831837503,0.32378390474027224,0.2236943262119863,0.14908145631754058,0.1769588413223539,0.15811045122847112,0.15736681227650764,0.16605160188146292,0.15887072946166675,0.17545775077349568,0.11159741393279998,0.11800555493700696,0.07221708765056768,0.0679403979500197,0.05245195248801324,0.04987288632273375,0.05600557671157697,0.044238401246357806,0.04162117482258671,1.0
538,0.6183622478543667,0.5162031081695792,0.3027443196508094,0.23436427886778904,0.1664182189024768,0.19463891736192476,0.20584678976224255,0.15137302402431305,0.12522941554573402,0.1253225246943515,0.11328956754432942,0.08399486550218921,0.07135295349200116,0.06936644611017674,0.0558821951104309,0.046936458676126135,0.05144421385139897,0.04575162126370655,0.03967402679132792,0.02992269896309449,1.0
539,0.7419082149550013,0.43830219708986584,0.23450372118883275,0.18716637846371675,0.14361519277831994,0.16983785497976012,0.11830276232809311,0.11587657182000441,0.10561201089188949,0.09557380355350703,0.10728557362528399,0.09114377689632162,0.08940004079758801,0.08741934185605048,0.06903296806531732,0.07650882632004483,0.06804869384839746,0.06639532131232166,0.09173518059966247,0.08205726254379789,1.0
540,0.6267772026776358,0.44428565028876543,0.2970653149790626,0.18748699953120299,0.15953359435299175,0.18566989041524246,0.16430927810268378,0.16577387131468344,0.10293426765445078,0.11514191378721006,0.12246980693660604,0.13941219455333564,0.09652459094063144,0.10026972200001265,0.13538046529028022,0.13258426102876233,0.11721903360126898,0.11824232567939481,0.12996296831113466,0.11739463870161176,3.0
541,0.5201186017080286,0.23718599881679972,0.1707930671054573,0.1517682673839786,0.12564740211654668,0.1289664459156304,0.13375088579418098,0.12199244854866315,0.15102091318258848,0.17294980522295525,0.1365880827623413,0.16281469416747973,0.15382251364056954,0.18300633374015743,0.24311199239427364,0.26353651825372454,0.19202645811919877,0.19166547403361087,0.3188183573932587,0.3114129597355692,3.0
542,0.5691088146452292,0.3119460884669737,0.1852275735663132,0.18335018737171194,0.1920497634634254,0.14801213356131981,0.22075173349355307,0.3016319990259005,0.26551159168637156,0.14352775025671016,0.16473729082828129,0.17084140553790492,0.156355078353636,0.16219290575482084,0.13315986378644357,0.13894074676139,0.12363636072523229,0.13465447296776742,0.13841724391491386,0.1567990263874437,3.0
543,0.5111689076885787,0.33103258937378166,0.30362701877289716,0.2633820935250375,0.166870987754045,0.25048434458458807,0.23882208192008847,0.21083423366979295,0.1953469361142523,0.15699267511337783,0.15633493753832942,0.14241997988373345,0.1989649959659524,0.12158838501355489,0.12499844858687481,0.1225138301016576,0.13359045440756417,0.11789178857195334,0.13150665386213456,0.18415688051279946,3.0
544,0.5334438553623212,0.49736106126287777,0.2625928438181517,0.2014353365460644,0.1804314991439555,0.16750103554782766,0.16438740528667048,0.19843536503327128,0.19012612209821547,0.24795965379751153,0.1902352473691414,0.14974747874278665,0.08969879742634336,0.1228372025441617,0.09339230470662516,0.08516390679319365,0.0963801998611593,0.09349150162298371,0.08479996228436866,0.1046427400127574,1.0
545,0.5688661353626208,0.3712404199703247,0.35607658446941903,0.2286588929171364,0.17038289428510156,0.2050265102410149,0.1937049198976941,0.1976125451199552,0.1809464735280708,0.18773006860937197,0.15355365627859505,0.11846193752875887,0.12412544457663166,0.15930790762073876,0.10786062145082842,0.10609857584320384,0.12044984135664644,0.10222168464778113,0.07211934494048242,0.11147276763060973,1.0
546,0.4961990874969677,0.5936541501381075,0.32845526455228236,0.18364301276090383,0.19182572294870803,0.11598899482322084,0.21848340515583148,0.1582366819431871,0.14663600327343518,0.16097012471383967,0.12750086562277754,0.13344356459902829,0.1413693837174647,0.09558475876991374,0.07465066572511184,0.07132271451340448,0.05782147138959378,0.0618946923763228,0.07365106757263484,0.053590001028349224,1.0
547,0.5668722149833576,0.45275616999608254,0.29074629370864974,0.2838448647153818,0.17873889849866037,0.18550505335347114,0.20807832196740247,0.1823439961042706,0.1673128707249478,0.15218163266483262,0.16207502848230132,0.13003797533413597,0.11866145942217182,0.11013168240347126,0.09089493781020792,0.09736477172210556,0.09808488264453653,0.08173780476561632,0.06780322270816522,0.08049499651565296,1.0
548,0.5091136775888856,0.5002465932550517,0.32558017740427225,0.25340008707427747,0.2245189430671845,0.20982823022557176,0.1967703644852439,0.19786495289050768,0.15699436622562715,0.1835487157747474,0.14699501832025108,0.12898412886611954,0.11006937770559314,0.07961094374914664,0.08886539388468812,0.08984742949510914,0.0688162242229766,0.06144292314181866,0.06164963024330697,0.06870677363810379,1.0
549,0.4726629922295288,0.5874901534012107,0.42952685717364875,0.21741716892205284,0.14089346219632148,0.17922226644097322,0.16601795903438352,0.14919825594086425,0.13191721736356785,0.13075529466949037,0.12845634176461002,0.10349233866155103,0.08379638598189931,0.07634377846092646,0.08076208658024848,0.06421731590089866,0.06150983100215161,0.05671594392707248,0.0636257546709812,0.04039831300048759,1.0
550,0.6137054939532409,0.47439537745749283,0.292063714497295,0.23970858186610938,0.176660968830997,0.19065401714029925,0.16357916261996083,0.19873639377344027,0.12919173255160699,0.14930449764586012,0.13206464682783214,0.11822818459194442,0.0995088865000774,0.09779494218738881,0.08427104593436707,0.07326615962841994,0.0768198846893153,0.07924505492917797,0.06558304439253389,0.054054575777331276,1.0
551,0.6792895570327506,0.3903773394221169,0.31507796342775857,0.20742276419447858,0.1806866000785616,0.16944125507886204,0.18090060132582125,0.17650544489403389,0.13886685309955543,0.10909678086434244,0.14054296545264824,0.10772778959424557,0.11354480960094726,0.09949182952270183,0.08771384739893094,0.06432124501724662,0.09213504040085888,0.06993444296209556,0.06608185639677042,0.061020594099275995,1.0
552,0.5485858017178351,0.3613886393854573,0.36477491661559913,0.34708052127168154,0.2199918253066576,0.1950000959704637,0.20140909096609438,0.18841841413210128,0.19003402376471557,0.14766832233449856,0.156467361740839,0.12790088942578934,0.09043761239170024,0.0958013849169171,0.0866437322007165,0.07395821635707715,0.08681987109345662,0.07604404253658446,0.07702713858562928,0.06395901813644408,1.0
553,0.5610853988010716,0.3902648501236631,0.29927122371977777,0.1901934808873843,0.1968774203809945,0.18795476224546162,0.2538319949121802,0.30468937031345106,0.16008185963016378,0.21785681241184504,0.15712743242960134,0.11605611900183135,0.10275256850959401,0.09901657413321686,0.10290745472501944,0.08225062212159556,0.089983358664433,0.08398873159149021,0.08326323336796261,0.06883666622922104,1.0
554,0.5623827715397778,0.45771215481081773,0.40583847093258263,0.2861509194008356,0.1787831899398091,0.1597090225613393,0.19431741524558543,0.16768805412198262,0.1491810458633918,0.15721996619641015,0.10737985005958199,0.11450034723986162,0.08285676535428445,0.06866612647741474,0.07261816552878196,0.05978454615614693,0.05890560281814369,0.05846017160775892,0.054621990568298494,0.048747187478954776,1.0
555,0.5571248945446388,0.45176160674350174,0.32363030923810837,0.30559637551859464,0.17337454578912223,0.18919958819736238,0.1847664208667268,0.1882995405107035,0.1580018239299081,0.15392176580005723,0.1474515577158496,0.12337210541342677,0.11114402247776488,0.11437393588416604,0.09576576244266241,0.07170096383510736,0.08271342228170306,0.07793122064530367,0.08753698353246832,0.07748472320528924,1.0
556,0.8763807001335626,0.3001916406889207,0.09931304382416017,0.09719367934863611,0.10821095508062922,0.07515760301040046,0.09828324017809384,0.10421408025992995,0.0937016967644406,0.10725940469602825,0.08796340574465716,0.09365400514154762,0.05705781224635301,0.09238202594241736,0.06954081102444507,0.05598663887858296,0.10939722074459128,0.05775499802555534,0.07018748716368374,0.08871500580518517,1.0
557,0.42201684149204305,0.38049306665932614,0.2596003643095493,0.31950513641119127,0.199161522226348,0.2422720109699031,0.23383080162240835,0.23417989765428873,0.27188770366631987,0.18148158372101106,0.19154936093963199,0.16331509308477063,0.15202000805340204,0.1429029851027078,0.11091801132958577,0.14024663586974742,0.13027905126833636,0.13414151457880663,0.10280201908286186,0.09226729962456093,3.0
558,0.4301898198263625,0.36647965919909037,0.37910078229641025,0.27570218229283244,0.24824184376500824,0.19024133496917842,0.2335317949568412,0.25918553777908154,0.20011806290048129,0.19771737548758916,0.188563006574894,0.13543653913231637,0.16517769216662373,0.1549082988872912,0.1100153865477948,0.09922003551855182,0.08914894402864897,0.08823826172606151,0.10475339664975651,0.09163376497679719,1.0
559,0.5011926951598201,0.46084401236907796,0.3323860590681317,0.249319267579046,0.18809498948600717,0.17296724055610024,0.2537560201907204,0.24587504298300064,0.16638611061204928,0.16226764322405426,0.14564028755085565,0.14167462328624747,0.10037214704711242,0.11146688499555851,0.11450499279434409,0.0919892039716411,0.1001672494887486,0.10800582149231125,0.0803471820936252,0.07822326212243405,1.0
560,0.5153838343784625,0.4113518339362546,0.3010219637534631,0.2908282016266162,0.19407077333630793,0.16640733687068038,0.20074970963967398,0.23892680347403322,0.20453131208379988,0.25904065034179014,0.15303656635089546,0.14022330806033184,0.14653782044435062,0.07679066196580318,0.084230821673394,0.09600340681534669,0.08093341031575345,0.10141242546066381,0.07309252310546388,0.09672567120464672,1.0
561,0.5793864699986051,0.32111995221287426,0.46989811920367797,0.2817780477332775,0.19726534343659063,0.1771559884724253,0.16217986666025183,0.1566167468852408,0.1555238449747893,0.14504812778577472,0.1421401800060269,0.15659659260093048,0.0837841353907359,0.10169718803342012,0.08456966136670503,0.07332100123966125,0.06991981119039897,0.07801804843359804,0.06865582758269657,0.06579472190844876,1.0
562,0.47141239638773463,0.5019103036494137,0.32190241651098717,0.326133500385236,0.14687382865303839,0.18408504724951325,0.1928365231038142,0.22297853550406002,0.18800107482322254,0.17612741365133155,0.14426585334254519,0.13851761187515274,0.12060001116295187,0.0959335507512537,0.08987333217887064,0.08831840475756866,0.08671018769513451,0.08760821190664923,0.0875134060190539,0.06830185569821076,1.0
563,0.3717726267933801,0.5038142043894224,0.4839638229028064,0.28477846982418903,0.21705197547874094,0.18510942454463572,0.1655954977076406,0.15404524696157085,0.19621169170140215,0.14872175357524148,0.13322187879538794,0.1261114957673424,0.13010609141631518,0.10732681407959871,0.09692684367205752,0.08519421834877966,0.08598903655377417,0.07679889147118743,0.05547796307402171,0.06609745718542087,1.0
564,0.3310462577244299,0.5341892015879424,0.457376028615951,0.3498493516396179,0.22653311946353683,0.23812747028620046,0.1763311177617102,0.1643959652394242,0.15247910321995814,0.12472519197923469,0.1144219828947911,0.1001705681048796,0.0907876197273781,0.08118253831976091,0.08055513703372781,0.07709270040619047,0.08615882871315501,0.06156132255105319,0.05905300570840654,0.05851185332474348,1.0
565,0.5115055026749314,0.45348917840955927,0.41429771667675147,0.27116865676337937,0.20863938094635714,0.18752259431101112,0.16978316412951566,0.1915879521173542,0.17870013173033383,0.15532301848821883,0.15945393136743635,0.1379389958725565,0.12112213568761201,0.10473392020765523,0.07062363501365879,0.050047577618426244,0.04862729731609155,0.05664859168794652,0.04707050256839151,0.04329011045685965,1.0
566,0.39602943869463736,0.48019694114300804,0.3793115985997646,0.34260494714074996,0.170066446264703,0.27860546226438276,0.22433677635120017,0.2017479434701953,0.17569941332087913,0.19413910675120935,0.16319930872785493,0.11798323157147597,0.07974568084777647,0.07538022806363623,0.0887989317008703,0.09384374084825885,0.07691013288697447,0.05891865071191295,0.06324575052555514,0.050089279497840776,1.0
567,0.5782557387946067,0.5272293575476485,0.33389471836501294,0.23667372323626826,0.20245177408884452,0.16044507432796332,0.16232108197624318,0.16385697796873858,0.1471309940983972,0.11972110517229416,0.13037650428906827,0.10178224934284626,0.07422840477806479,0.0997059994607223,0.07891494789757102,0.07120528842904925,0.052437738568485076,0.05251254246221341,0.04731305298322243,0.04888497362909626,1.0
568,0.5370869991652111,0.3561837397332635,0.23007059961798065,0.3131572092747607,0.2109810160377618,0.26238468646376745,0.2498598301645798,0.29174938341429646,0.1968494589308912,0.14699662822565393,0.17820133141955338,0.13209087252268523,0.1106512811290852,0.10067810186952318,0.09117836994530294,0.09712576815850248,0.0867489106506408,0.07623207343735704,0.07860957490971071,0.05966686498344888,1.0
569,0.530251672136321,0.40994179271199804,0.3343710734690124,0.2748041720882917,0.2272457225410067,0.17927721682435976,0.22530422399373204,0.19755892809668105,0.21894727107859074,0.19150863422787384,0.17692007758331196,0.13417288575508593,0.13610805126343392,0.08542774061295025,0.09540631261691737,0.08252647504284212,0.06834140284332407,0.060537563107989294,0.05012097158845894,0.05819621423170606,1.0
570,0.8902995597596298,0.23068124258554512,0.18703452464821874,0.10535999924527956,0.05998415090048523,0.06440041875209943,0.06115752589616865,0.06451310183761053,0.08066228121599878,0.07681387680230167,0.0893508620993737,0.0763370530014262,0.075675004978516,0.0773267761327529,0.08746925442196787,0.08561077635317844,0.08511330883567692,0.10254269125729275,0.11044526840741464,0.0977812554426638,3.0
571,0.5064314651698477,0.5433951120277508,0.24090099681448018,0.24560105867282003,0.20904688209943356,0.2049076666292456,0.20241949057984343,0.17435123787857043,0.1537918741059919,0.13914133530479367,0.18390754147399568,0.14991030886074516,0.09538125524425871,0.09936840995082272,0.11477787638410576,0.09594876238089893,0.10365012808283343,0.08154184983660456,0.08518634493644509,0.0867625227535552,1.0
572,0.6029221914200286,0.5053313740333966,0.23234078402975425,0.21624148197847043,0.14230393040043157,0.14869530705053138,0.16476459158836382,0.18279251788621584,0.19378635669668873,0.1687958502755911,0.1725133322789233,0.15987736198625105,0.11740187660052563,0.07611470699815102,0.09247306302829787,0.06751873268820864,0.07941812555371762,0.0705642928571188,0.06917744287897129,0.08564842367492989,1.0
573,0.8892051293369326,0.31620271281014806,0.14320798057457204,0.10721647653844588,0.07915842774821129,0.05567843766518236,0.07046660071086869,0.04972642859605037,0.05581936904027161,0.056512655829475705,0.05728978946325429,0.06627093379791832,0.07950300710775698,0.0724347679588369,0.07755464009347922,0.07082414078951545,0.06908131459978945,0.06713166826888087,0.09386686428479023,0.07648632785357927,3.0
574,0.887842014385372,0.2955069638309167,0.11819491547599474,0.07639724670217034,0.08038333280747267,0.0701323484598096,0.07518853301539508,0.07084635833027922,0.06263745255448953,0.11283203442109976,0.0752393735596993,0.0794641488370552,0.08368016111237989,0.09044520214772557,0.0772093406619685,0.05880479823352421,0.06317954496213404,0.09569655789233861,0.10136369591388929,0.0767916517238327,3.0
575,0.6283786087011971,0.39005014541540173,0.24387792288598117,0.12656370459992083,0.09563240095341467,0.09602313581801773,0.11905906483635084,0.12261316504362607,0.1719874509837869,0.13942911327542074,0.14988467697804345,0.15999970071006364,0.16565977640573365,0.13302499929411943,0.1972842626425004,0.1701889895632871,0.17844431527229848,0.17395792514169778,0.1877903240570284,0.14984239243607464,3.0
576,0.6814491269864237,0.4231912559734739,0.1496940733420129,0.08231870374637415,0.09605772527878152,0.0796921228431431,0.06777090548728981,0.083753376163096,0.13625261018163243,0.16107491844477875,0.1523808751747693,0.1391711010093181,0.14259759930611826,0.16485655855072567,0.19204492058435702,0.1868590553058336,0.19511134410489803,0.15687559909397455,0.139963134365116,0.10719282560959771,3.0
577,0.851637539393768,0.35296531673345244,0.19821397103191926,0.1272763790088441,0.07183049108711907,0.07513887253679327,0.0576648853460343,0.0686840236738279,0.06277805184502591,0.07419813078877012,0.059231145457365485,0.07177374189924961,0.0726333329019274,0.07058140275546342,0.07011614854965889,0.07700799274006438,0.0912297794404709,0.07955078784178744,0.11255866780534306,0.09623922310899444,3.0
578,0.6990230609436522,0.5157594266112095,0.27837222604678763,0.16447685755544145,0.13314725522996043,0.08587326523381635,0.08267510117390225,0.12010819945363738,0.16272163386234573,0.09652107331699755,0.08643351279098523,0.07621377447391761,0.06342593191228145,0.07190240877288873,0.061178916427720595,0.07031572700612088,0.09212381843085228,0.08110243367352443,0.08560228000242129,0.07145363004161427,3.0
579,0.6075124880266909,0.5852450670209384,0.2724614272846235,0.13755413772251937,0.13798766117259748,0.12251075626322705,0.11965700803017985,0.1401298895411603,0.15259017583463377,0.1460481460967302,0.10304439182756216,0.10030609052881902,0.09465557387113992,0.08469363202313943,0.08990582175206127,0.07675517531849582,0.08278780150950105,0.08385806398995962,0.11377753723522611,0.07088755769387886,3.0
580,0.7822348833080077,0.4330426239554775,0.21784781590919822,0.13847823219958832,0.135002568065489,0.09636380963903173,0.08517365605593742,0.09101835896863862,0.09377044316174185,0.09652078230766746,0.08632520899576336,0.09121969924308784,0.09447445413777644,0.07569274015701526,0.08320514890162167,0.06623298818460514,0.07796290332484752,0.08601042974483257,0.09899166192013077,0.08818107447906058,3.0
581,0.6804834716456214,0.5097157194642574,0.28092157537181456,0.18114494286121283,0.16102132090030535,0.11334757634069989,0.11423585824515196,0.11512990181106988,0.10563190596578853,0.11017587604659336,0.09491224380849336,0.0653145015124579,0.07372483010609644,0.08472580153728795,0.08550190682900104,0.09726342166386988,0.10545998674085037,0.09210135295658282,0.07456482045680551,0.09592372365343292,3.0
582,0.8128227220466724,0.2715968478206319,0.11425910769901058,0.09057231525253673,0.07229057781280608,0.06061145987144118,0.1247727577973142,0.11281387407844116,0.15544017333984042,0.09911503063818368,0.09569941525075472,0.12287076221313718,0.13784523877114607,0.152743498553157,0.1406595382310689,0.1321706652437554,0.11541339947400304,0.1532852601955266,0.1165858917009764,0.1373498787000161,3.0
583,0.6019042710771144,0.5624998885717617,0.2940609600517261,0.14897089478449185,0.10232859411672056,0.06336928764396288,0.08309425651089922,0.11777421624218734,0.15694320848311727,0.111745915700836,0.11756198340294761,0.10410548653349966,0.10594527420289557,0.1005479219791824,0.1347348253600784,0.13384487557934613,0.11839261101106253,0.11151410425579031,0.13087044464693637,0.12091376059274614,3.0
584,0.6017173007320986,0.25499761225467876,0.23931559236894084,0.13350082215187975,0.1410655520977798,0.15397292298949816,0.15248523540095885,0.2756716686204616,0.3482431749263387,0.2518914840254813,0.14633170863675166,0.1510626068334157,0.13080130759394706,0.12887452117122636,0.14847112693746717,0.13952740259966792,0.11148311466724581,0.12349856589489477,0.10231419246799449,0.1123878967542302,3.0
585,0.5092112248575696,0.2838273381864629,0.19445973773243103,0.18809628463867384,0.12322774027713322,0.18949465853255335,0.17965306558990796,0.34842753856740716,0.3657169789346003,0.24248704822696238,0.2092573858764128,0.172485850877005,0.16060447616930965,0.10884642997448676,0.1160881443940451,0.10430477461683237,0.12167785604639644,0.09237090715652237,0.1221343721862403,0.12585713163240533,3.0
586,0.5225436115057507,0.3210397238685028,0.22147844942938408,0.14285653086286862,0.1459568886078965,0.157562135416398,0.16076619098437736,0.27330905956530654,0.27965969573632904,0.2858271177739029,0.21822884040729934,0.16191006838004282,0.1329703012039048,0.14687729805844993,0.15109759886192617,0.14877021577287522,0.1550591272516231,0.17667432979491504,0.1305851203259396,0.13219688147662031,3.0
587,0.5752928732080975,0.30639059785475514,0.1613163553796225,0.16561577854378615,0.1096289727852399,0.10864614167807587,0.18341458574430847,0.34223682006012934,0.3748798161835414,0.1969420764851055,0.1878608752455552,0.13759449305557556,0.13689278691038081,0.09998107426631221,0.12649065927840938,0.10490971494616588,0.10832257491025957,0.10113760453901208,0.1354814547005182,0.13235292038322877,3.0
588,0.48751492489852105,0.25033425182288666,0.16876943588363694,0.1824614779763399,0.1431032655721272,0.17497724526907432,0.18714442634987485,0.3248681319549457,0.382702389102417,0.2610234168415986,0.19111309136093715,0.1797123163051644,0.14631461846069646,0.13990958766264797,0.11815663426507728,0.13774049817765668,0.16895358535888857,0.12424431615034616,0.13518538128084762,0.16321919809042446,3.0
589,0.525615395470032,0.24327288942537573,0.16820552395735905,0.17206729119070863,0.18968862565273015,0.22402460523536347,0.23078017081408164,0.3198131596623522,0.3490159310977167,0.20937517610644998,0.1661863580925247,0.15262193392485765,0.17919327327673873,0.1320578734623158,0.14129332925821775,0.11974619583304423,0.13373833913592412,0.1277921909487487,0.13596189947649578,0.10872638000214951,3.0
590,0.3797336081056824,0.28701827105586747,0.2716669705276974,0.23382922850151194,0.19466742358135256,0.16832723625831095,0.2482637322070166,0.40505541238032144,0.35815421211661136,0.23093669506633005,0.1686663076763239,0.18233436337389353,0.14362436882018081,0.09589217563140585,0.13574780648328805,0.131135805825089,0.10896982556299685,0.10130616775174235,0.12243136587711617,0.0844697497540518,3.0
591,0.6273035997248967,0.3043550102181027,0.2023107944494493,0.17058108686229564,0.14197679020394643,0.1565398470319894,0.1484116545070926,0.16388518560229298,0.3134229242695138,0.22357058904832114,0.17901575626542596,0.17026807241208333,0.1613687421131726,0.1077836117763761,0.10774071253138648,0.14685685733787443,0.14312741422197303,0.13233354819374402,0.13507641486200408,0.1181233149266206,3.0
592,0.39059577120794453,0.36607440025965154,0.24527179371669708,0.19484641208492076,0.15930251508341958,0.17975784358403926,0.1978448545319426,0.35913153765271755,0.46447010266433075,0.21396006475671148,0.15644865976618197,0.15350493930203682,0.12702434455349954,0.11414775798905642,0.0970440669054585,0.10159243856075584,0.08673759651560548,0.08979859762299307,0.0929336899331699,0.08254819544550326,3.0
593,0.4537660194891903,0.3153840609271686,0.23976152056554137,0.2667000143397706,0.18564951560704507,0.21336343863724977,0.22604328379191643,0.2716797479603188,0.28780904700633025,0.21737223508356204,0.2095736618290061,0.22296630136138376,0.14947661681285704,0.16122521516311605,0.1374629059108431,0.1325909493360153,0.14344333901407022,0.0974210295812448,0.10629050045150304,0.10593428322704154,3.0
594,0.5241811931817727,0.21617278866737166,0.15523872797589863,0.2038343088376102,0.12480866411436474,0.15966150013322977,0.21991392332726295,0.3297748938698176,0.3842280651628359,0.3360008323197488,0.15107028000357117,0.14738248569329793,0.12091761894491668,0.11176296853749096,0.13230883582943195,0.1210750193954963,0.12611752935202333,0.09443514077558145,0.12116768864145538,0.10401756889627738,3.0
595,0.5438784642883903,0.3483622688028182,0.23816506310203417,0.24578257428690073,0.21165718927068958,0.2125334898779961,0.16523308851815197,0.2461145543701462,0.365434396745166,0.2114216969471445,0.13982526419566163,0.13756699073810674,0.10561252033711965,0.1018107990967958,0.0799182933497927,0.1119044484374609,0.08186329571099636,0.09955296759020703,0.08804542851056091,0.07971255206652873,3.0
596,0.38968716132279313,0.30308797596922094,0.23735493952474493,0.19709733433198623,0.1557410677883428,0.14618873373385333,0.24011412206289698,0.41055791855520557,0.423826700617582,0.2539946946231951,0.19818687549602573,0.09715229429636218,0.13190896321124038,0.13085791233521915,0.12611697942721548,0.11174562113022146,0.10115484286498203,0.10413239057275686,0.07870934908436716,0.07881307445426831,3.0
597,0.510702532326614,0.29851291307338773,0.1935732470743813,0.20823015091235758,0.15889916583092922,0.1514409474359854,0.19859081860558925,0.29656851451588234,0.44276672446479165,0.2661808794200529,0.17770442868826444,0.0940571226726124,0.09890028590724304,0.10064380408399927,0.10913772689768889,0.1398990517578302,0.12252974273825815,0.09467673177007707,0.05988170184077229,0.0859741544441315,3.0
598,0.5826744966013844,0.37032265012640375,0.1754214577453272,0.16872107289982718,0.151935756039297,0.1750600573741908,0.23131398384711718,0.2956444598630271,0.3533724259891367,0.20932320677841948,0.13537471548465382,0.12182798428417865,0.10256261167701859,0.11296136513760745,0.09751026895174551,0.0927665645198982,0.08494470076611683,0.09304501336796442,0.0631556485209352,0.07973873844210373,3.0
599,0.48795434005959915,0.3094679187529138,0.22294051731820871,0.25304761669671094,0.20143712600351904,0.21230215298155386,0.23050041129500304,0.28140866414455434,0.29962430780909316,0.2639816608982025,0.19120462746074085,0.1689245043011043,0.14051961147995984,0.14161447723157483,0.11518125367854834,0.11241763901270597,0.10946355418243525,0.12661221069827092,0.09738338496704303,0.08165260998505806,3.0
600,0.45582000749233686,0.37490410149318276,0.3212766503325496,0.2588421761150008,0.2300015146820729,0.22634060968304484,0.22413818009375114,0.3024489003849562,0.21849004308774625,0.198017420321246,0.16063521771781789,0.1855587732537092,0.1332470474817829,0.09959115220740382,0.11879448014170366,0.10096111754740954,0.11233594562236862,0.102155228645127,0.07916586688458713,0.08442617894864166,3.0
601,0.5408617972669839,0.3461755302738335,0.21721619359494454,0.22617454596275005,0.21298859267750328,0.24261753260636185,0.16638634133884875,0.3119078362863964,0.2595030159556354,0.25445496993430883,0.1521984759916607,0.1454415502323406,0.10486235406287901,0.11387844851719847,0.12692848207338708,0.12254054605286793,0.08387820991540158,0.07432011164082189,0.09360783450006811,0.08529496524292426,3.0
602,0.6527037609748165,0.41371290829282686,0.2701937677339112,0.203463854996574,0.19333536840415946,0.14819817767340177,0.13395597971071552,0.1569937491901276,0.21032646673448527,0.1629225886366499,0.1711769347022953,0.11082350051288514,0.1204287773551613,0.09806088285596065,0.10699127171112517,0.08529036584456744,0.1021444182218169,0.0871685893288161,0.08918361090698347,0.07276097828667324,1.0
603,0.4221910444049754,0.43461606504675376,0.3467721047812312,0.33025246283251863,0.2156279579455325,0.22330494567053452,0.22454492841388463,0.1911355035761959,0.2440392513292368,0.20138227514767917,0.14973296219944984,0.15133645636128834,0.11345948737934854,0.10823359879492113,0.10758112878750062,0.10706899739316782,0.09387436157708365,0.0669447381461115,0.07938842894444377,0.08705218315514193,1.0
604,0.49893454911612434,0.42917373948438753,0.35650813537070136,0.2932089306198506,0.2143328206026978,0.21715543912302485,0.16957818748055256,0.20682804274029298,0.2022967052620169,0.19841093326531836,0.16668433259820098,0.13878211204098334,0.0878570587137271,0.11071712286841714,0.09002915200929928,0.08315078824438418,0.09240174422877585,0.09834185231886976,0.07092754186374975,0.06003069822919682,1.0
605,0.5000210925544489,0.5075814960619738,0.33930795368146743,0.30654950188220365,0.22380587712822492,0.1529799526622048,0.20940539535993827,0.15387792678196488,0.14331267604800021,0.1800373540313254,0.12864513092596125,0.11785147017324411,0.09440833248812323,0.10970665116091846,0.11160350912689075,0.0869488085207165,0.07593503501702661,0.074071023044136,0.06371524203136858,0.05049519724576964,1.0
606,0.41781428901389206,0.4002677685561364,0.30243219709474467,0.3131302612774779,0.21943943390602816,0.23577866371227146,0.22911741014912335,0.21858495344760986,0.23667944835092508,0.2206343438730424,0.2006117015340492,0.16591172299548376,0.16018692962460065,0.11405585568760188,0.10987828409085929,0.11610830673969909,0.09084211416393524,0.10621587784722185,0.09465317718408654,0.0806039903621346,1.0
607,0.6230980827078207,0.3843379163469002,0.3601542610862228,0.23840092105595176,0.21515076108032516,0.1584902986646153,0.19079897043779717,0.16233224963671988,0.18144122866111592,0.2018235035740261,0.12432116155051551,0.11637165670035508,0.08088170179057004,0.08172599108412465,0.09557837655991593,0.0687112504740197,0.06312793782027633,0.05342471361669001,0.06257948343685649,0.053266179952571616,1.0
608,0.45815769810870133,0.5951486378322448,0.37051222184717436,0.2030532595422219,0.18666765865867255,0.1492893335730312,0.19326991270706856,0.14195720690360375,0.16682319185433084,0.1671756018359261,0.12890601195098692,0.1336593133830008,0.12970415744670422,0.09420560340593312,0.0872973748236025,0.053261385747138075,0.07107027150107129,0.06567590326446524,0.0659583765375322,0.05111697127094144,1.0
609,0.37954893587729377,0.4748501903956866,0.42358264147958374,0.267236150811786,0.27749926703005556,0.17893625383908102,0.1950602165676244,0.21610908358816586,0.2061332847554526,0.1971878872946963,0.1551932286715442,0.0893993533743347,0.1272405146316839,0.1247974973358218,0.10383471859037259,0.08787068435239813,0.07997747061518631,0.06771932787798496,0.07310247462028331,0.07617030811228669,1.0
610,0.7144779422544495,0.46850755560096996,0.2838734125534742,0.20513988340680858,0.1743647172356457,0.1444999401936785,0.12881760042407242,0.10707146693969415,0.11541550839572853,0.09943880276819728,0.09484168272656009,0.06766023810503452,0.08441612370997618,0.08326139627379338,0.06106835944915343,0.051095027961538815,0.05694759219111395,0.06111096897570887,0.043977099062689054,0.04384145924854174,1.0
611,0.5837235239655099,0.37786246191146283,0.30632584832290755,0.22642553894470155,0.2326390716008463,0.19251472927071028,0.2182013926298228,0.19821501812810438,0.2549006459959257,0.19938061946501665,0.14253795120471366,0.10027052679719059,0.10142908160582423,0.11622648146248105,0.08133919461975068,0.08604928135197297,0.0650311486048703,0.0924137915949143,0.06789235327145639,0.05481708690590418,1.0
612,0.3900856894574291,0.5339222135563646,0.4795517901086544,0.2811977821424696,0.21949724859243946,0.1854794440074157,0.15834858015845987,0.16254669289637713,0.1286440269247653,0.15888861628844922,0.13628660999747272,0.08619173316062137,0.10746181074575112,0.09151442763400511,0.09008719644482274,0.07869231705372015,0.07361924710220713,0.06806167786845833,0.07287039128334832,0.04742803781373855,1.0
613,0.5647257770175403,0.5225770771935252,0.2850754557466169,0.25783537557709185,0.16319348229914057,0.17664594154973734,0.18109878477516617,0.16211333973575065,0.15719828561227045,0.16597280631439215,0.16103862848986145,0.13023603652517052,0.09950208088431299,0.08486068862842101,0.09976174940936419,0.07407278141668747,0.07668695066943032,0.06477581671722372,0.060828054456613385,0.04320096036322228,1.0
614,0.6320129419528338,0.474286349366326,0.2985553820581966,0.24254060740893857,0.18851930035713382,0.16256504474983036,0.17413192131025665,0.14694614257857072,0.14430205185077602,0.14822376906147836,0.13073174873844484,0.10321344516183431,0.09050958245825319,0.09209886826614719,0.07824567564026343,0.07892608372084706,0.07240245767444357,0.052935572533197556,0.055726544474858336,0.05528120965720437,1.0
615,0.4268370123128846,0.508814077944428,0.35119411574641674,0.31658804078350417,0.264091981227323,0.20386945010187973,0.18256832763610864,0.2230072751960683,0.17487660031236424,0.15980113187879133,0.1359588509701027,0.1266863058975876,0.10459515642445827,0.09888918459706147,0.08479784861971153,0.06928635583643944,0.06894725083476368,0.06544559301963672,0.07456355426937945,0.05498015456552614,1.0
616,0.3702776901596685,0.6312241617211188,0.44765966769625526,0.23902889365857238,0.17569425914368628,0.12864183832907508,0.1323515180338967,0.13460764738404526,0.15417512085667204,0.17093666406173233,0.12327987582733381,0.1165383720770883,0.06672481273597905,0.1043599980568737,0.10775022735008476,0.05609531343169617,0.05975139297533595,0.06719447659845824,0.048333534803324744,0.03966443886471052,1.0
617,0.6727630217282753,0.43275284175797735,0.2360759017560746,0.24288677633660175,0.14242340782913482,0.17511761952128588,0.18447389148773033,0.14766003722868343,0.16121365912361013,0.16163387405611263,0.1687716780397921,0.10706638511902287,0.13654962932638592,0.07665142108845982,0.07192766779661947,0.05788235569322641,0.05694041480024606,0.05791261517624445,0.058569658789767394,0.058908725086910974,1.0
618,0.5637299455502194,0.5255977770549688,0.3237772977919683,0.282282630467773,0.15109086360769244,0.16039033712487458,0.19825390948604163,0.16512727272713223,0.14496309744339692,0.10437180702845256,0.09339782583498606,0.14105436791417705,0.09816650772788024,0.08964789469089646,0.09589508284201316,0.061092099500078274,0.06774428037308126,0.07005204925217313,0.06175425020829826,0.04331533721181042,1.0
619,0.5439662398314097,0.5081371412570177,0.3575702751894842,0.2205015338924491,0.23691623958279498,0.19476631847513395,0.16456754572320978,0.1609964851656618,0.17756066964637277,0.13541772871407887,0.11155702625239333,0.13360413206197996,0.08521901667768392,0.08268916765143777,0.09281219746172507,0.07797727425279603,0.06168371986441839,0.06216896396430829,0.054707007730165985,0.05231190337030257,1.0
620,0.570411061313795,0.4768347826374046,0.32703924329121387,0.2114512688993783,0.243951022861002,0.23289321900373552,0.14508466084517085,0.12488220844203239,0.1845805529834627,0.15049122340860427,0.18154651207987638,0.12329730425783951,0.0890492150893424,0.1020112319747697,0.07197875612104017,0.06694763733993674,0.05489377104333059,0.06876214179768465,0.045123850899748186,0.050412058757007217,1.0
621,0.5188041132402618,0.4616934585035921,0.3933442967236581,0.289257338121851,0.23963317346248883,0.18589065146706943,0.18260785967795526,0.14474754457822153,0.1521055413254617,0.173660638274047,0.18934017936416137,0.10116614382081106,0.08426812511493426,0.06911727661861757,0.08466213074268648,0.06620059640551852,0.05502187374987743,0.05480118813110255,0.04879331274660522,0.04238803256067807,1.0
622,0.4270101818495146,0.5154102009306949,0.32980118318820406,0.34267365709635317,0.21899202753497662,0.1499881466629528,0.16268187099715845,0.20431906194378402,0.18640376813431647,0.1800520611749046,0.16639783705787575,0.13816153057133823,0.13016112249995065,0.15109290049174418,0.08830164085714855,0.10051900238395647,0.0670213076521627,0.0644150159951046,0.06198225888184362,0.05529747354997482,1.0
623,0.5351361417283305,0.36444496695443374,0.3434022949515224,0.28040694902047536,0.24670225995095224,0.22211269337169975,0.19398890540244576,0.19769284518411515,0.20239050298872635,0.1744187441847645,0.18634872086454266,0.14908751753390237,0.094676262144295,0.11763109160845157,0.08532134595516103,0.11042022844205611,0.06497755448170962,0.09880981014818652,0.08218443579276045,0.07743548916077049,1.0
624,0.42938402035159284,0.5531794866812034,0.27077782724719085,0.30320821783304663,0.184116898334789,0.1950916609685728,0.22638818248329765,0.17128646334828188,0.2176457663246862,0.14682957008742395,0.17335025528593273,0.1725950293323203,0.10621978766828656,0.11428065575253966,0.10283157206155857,0.09336792092570244,0.08037043358808936,0.0773246285328898,0.07001928110236838,0.04551635986195241,1.0
625,0.4093885454425904,0.5635378480326894,0.3547315888045139,0.28341330524326014,0.20960425044738173,0.2013801663326937,0.17426652533629605,0.1771312786951645,0.1826571236712874,0.1818874581948036,0.14370136121109073,0.11421718535255,0.1259841786463327,0.13322242717569432,0.07562622880167483,0.0917025542602513,0.07122194765284955,0.0674611150898125,0.05018460126519778,0.04902031980985799,1.0
626,0.33022138680616087,0.5924098564758382,0.3965601284705142,0.2827249717398035,0.24152939227207798,0.20366879857094075,0.20233635099179473,0.18178521462867894,0.16459943458500526,0.16548947424398883,0.12004281171268613,0.10270279464442406,0.08139337972197448,0.10456114181931633,0.09097962406139071,0.08260655684910038,0.07964464263208414,0.061161699145603904,0.055354586616625186,0.061340681285951486,1.0
627,0.3688885095213275,0.5502719335457326,0.4040860031787117,0.3038329547792865,0.22324912726117857,0.21411512495150145,0.20602947235797833,0.15411125969023615,0.1799265433499844,0.14475384427583018,0.1524661517919147,0.12278739774227734,0.10028101150130872,0.10932367778759579,0.10018273607097432,0.0708975729537761,0.06348606519629518,0.0659189346197772,0.057916391391585983,0.05645549523554452,1.0
628,0.491096538056679,0.5098011725803162,0.4685536723690676,0.2935004461518537,0.13935242159219002,0.2049689179932443,0.16289275778590534,0.15139056420015393,0.10963537042403425,0.11208707091709384,0.09895175026504374,0.09010325215200395,0.10735001043143966,0.09395200584593046,0.06925228970236903,0.06137870768992923,0.06088424722341257,0.05450107824742028,0.05172686272062974,0.03995951649158139,1.0
629,0.4867212015847871,0.6365791289546021,0.29520440427458455,0.19357062078840895,0.15185256772024336,0.1948298389708047,0.1669433280300314,0.1318428736154015,0.139534277997533,0.16797726610459657,0.1447969516779001,0.11977582271473504,0.0970678619399409,0.07426632232704665,0.07738414095452577,0.07734893905173315,0.07330543199685964,0.06334586574566277,0.0741074025161221,0.04688367028574509,1.0
630,0.5809001138919992,0.4609004720416216,0.34713324635744974,0.2210263321507319,0.21823601462745976,0.18251311530841613,0.16642208814637274,0.17060563719379163,0.12015636916538097,0.20474217432778147,0.15756918813398038,0.12984513368342956,0.09929361149362612,0.08125928957305983,0.09763676967846711,0.0782268552819274,0.06354953776568041,0.06356296125239848,0.05448069862126281,0.04271720852916803,1.0
631,0.4430876038892201,0.5119687258369192,0.4011508551684539,0.25939565300532724,0.21565742337468077,0.21207548097249007,0.2191693250897452,0.17808883674707593,0.17025574187217937,0.14335859204361756,0.13804975406268008,0.14821102032701935,0.13469811593460282,0.09043273157752926,0.09454108273602686,0.06484603984968229,0.05525764215279002,0.06453431299758092,0.04859323746717629,0.050112935889275054,1.0
632,0.3932666622210201,0.5013879203227298,0.377387018697122,0.33695828429518054,0.22144028999104937,0.15598195630016803,0.1865719375484204,0.11744779108771736,0.21087798250323303,0.19757880698992428,0.1857738220146234,0.1614724799929912,0.1407248674773098,0.13512388859741487,0.10761818976205671,0.07777723085820645,0.08039445035385435,0.05782940459002358,0.04832495697653536,0.06397246203235302,1.0
633,0.46766200912975975,0.5588574302816176,0.3155239677191448,0.2848494214703436,0.20490520310379587,0.16923847631379582,0.1656290882865356,0.2038178669903082,0.13376318338710178,0.15852737419234214,0.1785817607065885,0.14247720929243596,0.13698268085705348,0.09512293988958855,0.08317324806722713,0.07190039932491353,0.07257534282140163,0.05643385152216595,0.04953691344203658,0.051505920422830906,1.0
634,0.6817774639050982,0.4136620854321183,0.31744802786942894,0.26751072001033743,0.16955604684988654,0.15768481569466805,0.14502940166558587,0.14023663401410838,0.14424151952022088,0.1203398119904331,0.12504253358881243,0.09472759540376342,0.08977357829587776,0.07391460367010039,0.07872232773110152,0.06053422900805029,0.0632016243057909,0.06959127468580907,0.05615083802814638,0.046298272509332696,1.0
635,0.4631793025214705,0.49059559127423474,0.344848300566412,0.2989614844575759,0.256475185991792,0.2351215600831016,0.19390280739843624,0.15618601651529143,0.18623416321798839,0.18731131047579477,0.1298869903175174,0.11523853882361144,0.1148114635891812,0.10391342028158636,0.07013475046608739,0.08315296735604909,0.06452820243497034,0.06715000113591854,0.06755674372393279,0.06677876375500848,1.0
636,0.43363617115809705,0.6310455747355697,0.3930256175219837,0.25950810062520824,0.1881175796714701,0.18064282257299139,0.15082650958900518,0.10077239742282804,0.12665723268647738,0.1344364286266305,0.11101403981124083,0.09333847072859096,0.09662637780090648,0.1119938362917732,0.06559521312349528,0.05383136594724859,0.04481908728711883,0.04837576850219431,0.03678800267423985,0.03271476968981099,1.0
637,0.3581072196070711,0.4372324526620946,0.5635796665108926,0.3086464219962471,0.2035830615568666,0.17231986668181723,0.17565450550384562,0.12917121689119587,0.14986717411225117,0.2163559549956113,0.14432122832654595,0.14867569963650776,0.09893733249510207,0.0932042713898352,0.07305875576219896,0.06646084184466043,0.05157567585788637,0.04718413497110573,0.04830481302749384,0.037003843119295755,1.0
638,0.5463604412891441,0.4798851117507055,0.36352444014664487,0.252591671667287,0.23309624308848675,0.18835820167382408,0.1776458807814588,0.1540687798675172,0.18311184786280485,0.15450985934064532,0.136718276069456,0.10003156558720906,0.0923466896729978,0.10257231906082438,0.08802654619075155,0.06811416923387167,0.060020632677196185,0.0534624844406275,0.06152394186271094,0.04853347043462413,1.0
639,0.3821901376553345,0.436984318657808,0.39599675009278834,0.2848655807865915,0.21400306688938223,0.24187531854089223,0.23097924772364248,0.23728598941345563,0.2321363373001198,0.21375258741536027,0.17141528650250165,0.1527092889249037,0.11424135745740994,0.09318613011946314,0.0974227456620124,0.08978573150858664,0.08856888207035829,0.06959048058406254,0.05962953829176725,0.05696834536160569,1.0
640,0.48869679240591574,0.4485324122481609,0.3435561063164271,0.24360060507554887,0.204897061241036,0.2344428571892463,0.21899046556021404,0.21279099049519365,0.22105838737729647,0.18948437748170124,0.17001425526185873,0.14090816950113913,0.11628765454309771,0.09894442183917179,0.09548025308640308,0.08221852798865076,0.06652965082744196,0.07704453636762842,0.06371961165027086,0.07277673569008926,1.0
641,0.5002398167630887,0.4123625228529274,0.3663939923979129,0.3849233806393209,0.2045449870329269,0.15832820896347488,0.18721734379022467,0.15944288250996108,0.1745685514781094,0.1706719056622911,0.1637875444829438,0.1417021666873804,0.12798553954307193,0.10347722663459304,0.09685542130470427,0.09820138890406828,0.0757561760543666,0.07125695480767998,0.0636527218298427,0.049380010661778516,1.0
642,0.4225663391337339,0.3967652142452833,0.36436445111064786,0.2870062677629662,0.23041295490644817,0.1782955901291161,0.20833214005274206,0.2329053625491478,0.21995519031430474,0.14186973285488516,0.247706391329528,0.1677815082780176,0.2131152817635239,0.1631114367554611,0.09705096989086937,0.0923316024712738,0.07097600669966173,0.08088301856387266,0.058185276306151064,0.05835500949475504,1.0
643,0.5271269403067265,0.5611434684395178,0.39493451159043,0.22943566225801976,0.18201453678351098,0.1643723150700487,0.1515542219187162,0.11397452978621474,0.11123657896187043,0.15639193231195347,0.14165201637242095,0.11501348843302607,0.11699723539706278,0.08148756443633678,0.051418508183513345,0.05161289533602027,0.051863739966793644,0.03870724569229604,0.03438999763373199,0.037446897122645526,1.0
644,0.42313930080088663,0.5205711403415881,0.35829036759444793,0.360370058382289,0.24742006176415834,0.19776839686072156,0.18756663183697392,0.19817341082865977,0.15699119287894334,0.13897975244096658,0.1426106179589911,0.12403093582493267,0.084607381051873,0.08226542978155589,0.07151649188358217,0.07570794479828656,0.05296721471293063,0.06762775963817563,0.05488921707776624,0.04571696298962078,1.0
645,0.5889765360379333,0.43656791659575755,0.3166611783677888,0.25257662840282596,0.1936758346878729,0.163664236424879,0.20789552093722838,0.2031896964869263,0.13168363541580835,0.18267170560136387,0.21818840947360307,0.09584949124470224,0.09774682879938369,0.06639476266372785,0.07638104958059509,0.08006288257435712,0.06478110659649608,0.07466388388465503,0.062158490346069385,0.04794044658840356,1.0
646,0.460364305188428,0.6131319479289741,0.37979420698176997,0.22170972740447029,0.2157571438371818,0.17377112458729913,0.17500044648039548,0.1376052604597673,0.14472590996779797,0.1289683341881544,0.11970967725922696,0.09687179787056481,0.09132723437382051,0.06999698280406941,0.07477103757504251,0.0571101530087249,0.04643013579039753,0.056907830789072626,0.04661888643259422,0.038393940508785744,1.0
647,0.5048099729929272,0.5404511664611761,0.3243405450371521,0.2348058957420495,0.1995548891859033,0.20663090891722777,0.20279086684844044,0.16759012267616946,0.17433352963433332,0.17299570956929103,0.1464973036133185,0.09975612876074505,0.14192682691305228,0.09523857020461474,0.06529378111697988,0.07335236905007984,0.06592945869353614,0.05087821762766865,0.047359657768611264,0.03537848826134531,1.0
648,0.5946352070975204,0.5438525610430925,0.3627958301448624,0.25365292267739514,0.17801804281235795,0.1581857548325495,0.14997818057207954,0.10276362701938707,0.0922779349166325,0.13482694561587916,0.10170806681038473,0.08014078728639108,0.06390804724683498,0.06470016565787126,0.07607311149626465,0.04811835080765508,0.03538259483852618,0.03953897627745329,0.03592079510556812,0.031092816075411665,1.0
649,0.5225224680716684,0.4761546163085158,0.41369534328002705,0.2790849954430441,0.261198121967612,0.17460497845518747,0.1754787017113184,0.1540000178462178,0.11624334541238523,0.1156054807143187,0.1469701430973526,0.11151970656236293,0.09855373623364777,0.09179296358047447,0.07254807765784954,0.0615369940307369,0.05698642638785997,0.048037327449954446,0.044995996823594626,0.048084740201003465,1.0
650,0.5850801236396102,0.4539108672839307,0.37355119936451997,0.31614061822371914,0.19241197474399624,0.20712817212664247,0.19241032849841075,0.139700197581295,0.12059824727150045,0.12897367222455056,0.12588625819235366,0.07438546468685381,0.07766180670342014,0.06487806589906302,0.048310393437880406,0.04452623927313334,0.05347735539720661,0.04945583822020445,0.042267841616552435,0.0386068209323363,1.0
651,0.5298300250149394,0.5376659857227813,0.38028082174931294,0.26104722514833517,0.21953716421989924,0.19494683289867268,0.17107174548946802,0.09845432812327085,0.10576436343265976,0.13195660518776617,0.14780500315022002,0.10736265570499269,0.08972181950209925,0.07152427038246516,0.07884886921254973,0.05707883345534719,0.0471103742055429,0.04768086081171293,0.04251014698588253,0.036933876897737826,1.0
652,0.6310971544987319,0.4685511389531885,0.28261487285818515,0.26318822893487237,0.21976347665347407,0.17725747608765935,0.18700385537422548,0.14840443399287429,0.14360668176270674,0.12219393037328244,0.1349930959206319,0.10750854682823435,0.09672013020379934,0.07412859418776212,0.05519629937874829,0.051013940282560205,0.05762184447054421,0.049366891569125416,0.05625086605232892,0.039630964470895015,1.0
653,0.4954733055789068,0.4425738473608594,0.2946597270959675,0.23574835794032345,0.23138419456542358,0.24714168769488457,0.2296297532153673,0.21948831842740663,0.18514883021711415,0.2314964872254812,0.1888474310048206,0.12804068943304653,0.12472405991419801,0.1017598776142137,0.10474926784870243,0.08404090392254335,0.08071677287305584,0.06361335930051094,0.06261552779715326,0.048506229552695956,1.0
654,0.41505800187824865,0.49663451375529105,0.28818681254931355,0.3123395624453595,0.20096470858210344,0.23610926344347907,0.24335209099648691,0.2122527117617946,0.21897149137108438,0.1827524771577204,0.14277736684088316,0.1822549816218752,0.1379096985184437,0.10946365983148686,0.09678174266455124,0.07086601478585983,0.07984009570094315,0.08221373793297297,0.05928081390198013,0.05550184357493451,1.0
655,0.47477964635490466,0.4757057664866453,0.3512689590737535,0.23262405857579227,0.22349075333560026,0.2116279679862039,0.18860391634776236,0.23359777309482754,0.20464346971988676,0.1704399536512142,0.15936467040379632,0.1661970142243888,0.14093348444191978,0.09697255965208497,0.08822735937790505,0.07988598313711624,0.06315669411255052,0.060147883429441266,0.06764417562609118,0.07968250234108692,1.0
656,0.5877364234984782,0.5193488896658985,0.35896538093540586,0.2348661652974942,0.1564683002146492,0.17919103130859573,0.19044479687719829,0.1333361332659483,0.1598771287688344,0.1056208940220189,0.11603439898128041,0.08795273720106976,0.07505261072734387,0.0626053399897798,0.07633638879658419,0.06862422966212332,0.06291176149930304,0.06325718178861602,0.04752341387554199,0.04429496766959117,1.0
657,0.49568846909325176,0.5285731718532642,0.3440253071267316,0.2312471744960715,0.2263263577830709,0.21252693242227372,0.15611729667572877,0.2037096647316161,0.16475292361194097,0.16912440496133965,0.1473781777881324,0.10998789310977891,0.1041232787610428,0.11086758952057035,0.09024712792383613,0.07439787527198682,0.07095025256826723,0.05907483705465646,0.06278718467072557,0.0443846142068922,1.0
658,0.4981557552979303,0.6147169650816984,0.34816399817038257,0.2644058708755784,0.13961223748018875,0.13404196925032943,0.15643398700606706,0.15886220486993,0.140663968781261,0.13179167515953824,0.12386528086719865,0.12120307896439073,0.06750655703473218,0.08113330239645962,0.05798357481929734,0.07457942232546703,0.050712617136113115,0.04759921006157945,0.046887697302453984,0.03714307123370698,1.0
659,0.4562599632295737,0.5150245783351608,0.31715235503876676,0.24793582230813352,0.21521896341441835,0.23418627061773045,0.22093147824194773,0.13173139405787082,0.273589747399779,0.16358253244713625,0.13174485457268084,0.154466673453138,0.09152914790043774,0.09954308268819509,0.09006987046189731,0.08772479572027624,0.09277769460882045,0.06758514741582303,0.06729172610863708,0.05066493947456196,1.0
660,0.5881187235711073,0.39953180544183947,0.3757163075938655,0.24362631119538283,0.21505122392476664,0.20775529122894187,0.15795639689256172,0.15532640952525267,0.17104211429780575,0.1621362247535845,0.16587557005095538,0.13822882779785725,0.10067319346817649,0.0968508899774799,0.10503661710993131,0.07731235883667609,0.0704355791236036,0.060784077455109865,0.062257169476405694,0.06531455416995875,1.0
661,0.5414524452260783,0.47238089839940756,0.33584242098024375,0.31574042754673415,0.22769251428729292,0.19142561835337396,0.18169969817799758,0.12616734724572642,0.15263407854950548,0.1566163021886458,0.1588793423656132,0.10078863433583439,0.1061850603444111,0.08744037147719522,0.08420812208141601,0.0795461835992741,0.06658270171030274,0.08067889252673974,0.06067925080636875,0.059932765902626826,1.0
662,0.8750637495968743,0.32919392340961573,0.14635057791475506,0.11938416454593599,0.09232597433347493,0.07504808107510841,0.08596007853524731,0.09259736876716021,0.08295359752170685,0.09321934901735959,0.08679246530746045,0.07126788472383314,0.06716545615092274,0.06328335288921685,0.048181512823412445,0.044459368274360124,0.0445189853372544,0.05507518882344236,0.10494710256989356,0.05547649269472301,1.0
663,0.38230951119880524,0.5312420241479089,0.4186066309358581,0.35169162451782177,0.27216165230600264,0.18884953535948565,0.15763476506759805,0.14863771010008853,0.15646862350332055,0.14584410634095576,0.1175666202333112,0.08702725916146417,0.11005913067498523,0.08569077890133102,0.09213033409392747,0.07073765981487327,0.0772634054269649,0.06356405754698274,0.0560616908917558,0.05268375880920429,1.0
664,0.5678974672050686,0.4587232187997204,0.2885235953308154,0.2094825399348615,0.15189681306880154,0.2501263636600982,0.21603338933462252,0.21510677346071308,0.2006729053437744,0.1864694022287734,0.159889172803163,0.11986122322177589,0.10714671806563741,0.10652772945467827,0.07935927075469297,0.06662022307065449,0.06084396172847449,0.04866516201201216,0.06057424956299372,0.05552948539902105,1.0
665,0.5699671932313357,0.42543887049292173,0.34105561524867567,0.23185939676167922,0.17611347316717757,0.2433773780904912,0.20875343906972374,0.13840340084058095,0.17270999805101797,0.17141909504936687,0.18023850496912128,0.11641478342104034,0.14838592457535865,0.11726578748411444,0.07426104618648521,0.07794444968886485,0.07261743267493341,0.08243974693298088,0.056491027449382406,0.05663349621338952,1.0
666,0.6142358621224814,0.43827967766864184,0.39903188073831075,0.2912804277185127,0.15368762911848807,0.194486397338168,0.16211421009896998,0.11724919202659802,0.11966431479476987,0.15085997143071803,0.10466521133604798,0.08617073804709184,0.06859309123908996,0.08570120370943449,0.06511141308112536,0.059317639651571996,0.05978092436836526,0.051223890849371054,0.04523236973616661,0.039640663946232106,1.0
667,0.37245270979871486,0.433198793190987,0.4165635553116857,0.2900066871819712,0.24632913579284904,0.22076344807014858,0.25494048706997485,0.2047388729890539,0.2309882998712107,0.1878774591257958,0.1514822131641185,0.16075994094593724,0.10988762654194287,0.11703779823464719,0.09100458722567774,0.0807767219015115,0.07303469615610393,0.08246445099703686,0.07227487694108277,0.06541708134812216,1.0
668,0.3337265639356821,0.5610831063724464,0.3747448355912146,0.3254938388323271,0.20348830183550004,0.2313357426872695,0.1630981290370613,0.1924564070897967,0.12623595278731084,0.16908151350327916,0.2167543748873452,0.12082741992773723,0.15819147765605848,0.11904465448370428,0.06611181354795156,0.07087372823780673,0.06869851963534393,0.06980698912653305,0.048536796413168874,0.04715996419803852,1.0
669,0.49779062217833053,0.5667434603738377,0.3858876781622645,0.3046056153911056,0.18424453319290302,0.18025848082287668,0.1538741059855872,0.14905789864906854,0.1130908901561106,0.11216638091651336,0.11240540509257019,0.09927025557764249,0.09141023935327393,0.06427312190044125,0.07047963305765431,0.05684449915531937,0.053380184959203734,0.04725122448478261,0.04072886041631602,0.041120439154510274,1.0
670,0.5599438115184872,0.3833680098795795,0.3541933934872715,0.2516183809130629,0.24796615847719225,0.2161937240416285,0.21185253472177756,0.17338844634187497,0.20951209531615222,0.1927326384334351,0.13463516384129262,0.115021053826732,0.1150675962298424,0.09055416052499114,0.08574366688971417,0.07619205723260238,0.08387398294110243,0.07552562064792763,0.06568877412544846,0.05920881853583424,1.0
671,0.8072902137389979,0.4094980016751836,0.2386290099745543,0.1612188147804142,0.1373542714670308,0.12762212803436027,0.10250784304184711,0.11837710113859268,0.09042407942418072,0.06694892632440011,0.07865038038363685,0.06681125514364901,0.055222869961103815,0.05525010363819923,0.042407762499458296,0.04623627508087626,0.036009220687110516,0.03697149287355969,0.03218121000715157,0.030629267663377556,2.0
672,0.5136798567857771,0.36996361859788557,0.3481646283353397,0.2539865197502274,0.2086386672351831,0.20152929593983168,0.21482198062108743,0.21612735282156986,0.16622721319719413,0.23648254786783587,0.1830211251369649,0.1774169468621747,0.12751460261267925,0.12599865484697204,0.11653383538396168,0.08969918456696327,0.10553623007868398,0.09258618864854254,0.08349571812100895,0.08692620292292236,2.0
673,0.49709861476160205,0.4513499298971896,0.45166352533966875,0.29840267093211525,0.1739561916490276,0.20619998195987738,0.16265328426205594,0.1524186813194865,0.1562665692051611,0.13786565594066855,0.14207602164402564,0.1241205171376531,0.09760308170302566,0.06839440577266961,0.0956381548821669,0.09881005754789147,0.07663133361158538,0.07321981041054745,0.07392158188830189,0.06953817868906463,2.0
674,0.6015955211006969,0.47692310699006,0.3385781462994511,0.2213329320265544,0.1917233517637888,0.16267915001797903,0.16079578090422939,0.13703631521175838,0.1326751879808684,0.17092467842196166,0.14554136779611038,0.09140619557089441,0.09577449629447822,0.11332559405304866,0.10956977220615556,0.08928284788704541,0.08001993193328986,0.07589666932713998,0.07170256315044013,0.05911577983808637,2.0
675,0.5497146992205397,0.4719187598482516,0.36711577200617584,0.2733598055856346,0.2382243842012162,0.2178858198514297,0.1628003312720818,0.12813604152217617,0.14730099636526395,0.14963617979322894,0.10250907103687551,0.10091842132608257,0.0880702015830091,0.0947666149182346,0.08593973071250595,0.09094723942439593,0.0788771689805398,0.07991945034537316,0.0690044203149109,0.06255658639361847,2.0
676,0.6205488829633372,0.2981241882206614,0.3047221037400776,0.2674867909427977,0.2697747255074432,0.20856325331827613,0.18160803085704874,0.17101857425089156,0.16564762848803166,0.17622304650254217,0.20298899573340362,0.10791495280739953,0.12447092867114883,0.09908152902271007,0.09947849294150296,0.09964815099512343,0.09668319210032182,0.08468206340192488,0.07284734126999311,0.06946412467112756,2.0
677,0.558623579156043,0.418155319569033,0.3332959740846671,0.23388270895027374,0.25450076896236734,0.20045770641775773,0.20545044143133098,0.15890461602313585,0.17520409558960118,0.20173205865066293,0.15211345734996015,0.11702625489322228,0.13695323272437157,0.11412777117181076,0.09875097482285156,0.07912873789989189,0.06919038649018476,0.06352047719377785,0.06628260555209871,0.07515360108937731,2.0
678,0.44121899557007166,0.4080842944146183,0.2906277496754235,0.32803997177659877,0.25773347563800714,0.24464428467651506,0.18728713962673343,0.22685987031405064,0.2406219318984222,0.18087050699999233,0.18043032498183723,0.14223330556399577,0.13582610371611945,0.11054348239603076,0.12372011962341918,0.09944336482286242,0.08183268692190897,0.11025665912979987,0.09855882017512473,0.07790621025748631,2.0
679,0.7606399925761367,0.4336104609029077,0.2795702569034644,0.17742754264965183,0.10423473757314464,0.1494254054617452,0.11721787872620099,0.10759250698593362,0.12836661951644437,0.09263910411941942,0.08028215944601186,0.08955566770249261,0.06028244887355774,0.07678053063051672,0.05758286492411761,0.058822685634675576,0.05587525035986443,0.048887084316964174,0.04831273059557238,0.039787351858668836,2.0
680,0.7798691504068432,0.35674968450163275,0.1974979198505391,0.14493739584058352,0.15670904284460746,0.10647095107295718,0.14078816775805625,0.17469567530860858,0.13866537067439536,0.15425573592266595,0.14531275125871884,0.08850783028894627,0.10037367409412236,0.09349465272380741,0.06978119421732891,0.06863413045733242,0.07096114892419526,0.06621304216983091,0.06933753911975932,0.060761343871038626,2.0
681,0.41418367973464665,0.3342147168485749,0.32803274954365275,0.30022533773836324,0.27493002408250455,0.27950335324665204,0.25790755765632145,0.28538603088625497,0.19509014221232723,0.21381209706959772,0.1527657723196334,0.13971690131326742,0.15412848223748238,0.11892935941365902,0.09976346254473525,0.11158257229334873,0.09316550091760088,0.08605346202099919,0.09900907121441854,0.06720529047809512,2.0
682,0.7217945127007028,0.3480565024011793,0.21078320551542004,0.2658664900062877,0.15966906806706385,0.12444746286926928,0.1413932800125771,0.21614419943770025,0.19010398580979104,0.1587380442158827,0.1174488162009859,0.08167540117401868,0.09735146421835757,0.11228305961352052,0.08870301944018541,0.07966971092095552,0.07529325353542457,0.0658013608276482,0.055493913799071246,0.06230496459499778,2.0
683,0.4016797024287103,0.35343106407152836,0.2785793503086059,0.39117638950066197,0.27357508611000514,0.2569780566048299,0.21444763449325716,0.2767119345128556,0.295890696359908,0.1835009532746623,0.14814550577449162,0.1259752436895578,0.1055366735085466,0.09678583344298146,0.08885930294373534,0.07862139747816456,0.07336662514784852,0.07532506528448334,0.09379356868601776,0.07873271895349902,2.0
684,0.641437051396891,0.4005686801325037,0.26062755111024627,0.2519664186744399,0.19036636100501642,0.1867331800423438,0.14042427777786565,0.14820087757404474,0.19522063987353824,0.1672494723022175,0.18919307266050092,0.13330880563187725,0.09433239279387132,0.11195483899607006,0.10983396090237377,0.0838437078056414,0.0981454943173562,0.06816537214525514,0.07550857623115122,0.06118203078531292,2.0
685,0.6183210816875598,0.48050895755565465,0.2543128135250726,0.22231771724986676,0.18984013446543438,0.1802461979453081,0.18069831940149333,0.14751608620092851,0.15776530188084675,0.18696926067959085,0.10884183671894507,0.11477687206641903,0.10498049454464618,0.0968860267955985,0.08474787354917997,0.10278038310379758,0.10018723373873772,0.08396879056173423,0.0719971585630019,0.06675210480479543,2.0
686,0.5711208299670982,0.3122353861795134,0.24371638142170232,0.2399512992058073,0.19572820895514687,0.1913284954293223,0.21602955748495387,0.2763696383121497,0.2353974269284374,0.21359773655359487,0.17214853186038442,0.19924496393390856,0.1398622767308308,0.12777045074188792,0.11634018739014698,0.09157551202613495,0.10906083064906934,0.09032347605879182,0.08631171646867378,0.07557055650339788,2.0
687,0.5363907045902456,0.41211996082523766,0.31916578809308077,0.2831743851892925,0.24354589055998346,0.17666982362812678,0.1906876195312724,0.17428235086211474,0.25947487351333254,0.17576808958406578,0.1162168207552217,0.14559412379869807,0.10805211568995227,0.10346161473019752,0.10456209023636823,0.11383161017877824,0.08977598131801705,0.07758596031566023,0.0749375253316722,0.06506674846297615,2.0
688,0.5677709404479861,0.3972991985911562,0.3622010682010499,0.23433105961556705,0.17962100998027108,0.17143053433394836,0.21713988571184362,0.16307772100154738,0.16840403647858315,0.17191637611081384,0.18183459139312705,0.16571268181781093,0.12125097431832106,0.09995046462937252,0.12496065028903307,0.11069280398859044,0.0845535617036237,0.09281065138649419,0.07794531699046256,0.07385402830204142,2.0
689,0.559007865729343,0.39596848162653037,0.38804235349636285,0.28672599390448705,0.2046775831518826,0.17242801812652253,0.21361832991208843,0.20771218160628066,0.16243075162262205,0.14501226017250754,0.12053785580752033,0.14507449647306261,0.10601306890327931,0.08029198809667788,0.08869348025627433,0.0923381095080286,0.08098288794143833,0.07577160582211911,0.05962537153003156,0.06787898012184702,2.0
690,0.8545460792072967,0.32549820315821626,0.18719425669517284,0.12249541276864975,0.09917612699377588,0.08394009197708231,0.05805133080490748,0.04597167819143135,0.045695563971553416,0.07171362132521834,0.06576896876115489,0.0741233134376005,0.06569696018536444,0.08637311181092591,0.0986683593749748,0.10792220407033044,0.10627033388165064,0.08037000748127754,0.09177510563327453,0.12249372139416492,3.0
691,0.9209361273649027,0.18473773770019403,0.09073911566945668,0.06432718422262557,0.07003562239267028,0.06004922766545166,0.07302651558951885,0.08768778679706478,0.10122536941566207,0.0711773152182362,0.07659321140152064,0.09225461971847974,0.08982644666053792,0.08436710340332597,0.06033462916284157,0.06023769517411902,0.08117256586876374,0.1025129881757569,0.08571481107087724,0.08516767092271223,3.0
692,0.6089006219395543,0.32387526158957447,0.23041113872381222,0.2285525249521824,0.22593697460939202,0.18438651962669345,0.177324470563458,0.1984417350191934,0.23713555459005123,0.21600329669526933,0.16574480847506892,0.1404548529786537,0.1547684590501027,0.11495736451189029,0.13349149169780525,0.1238127529058901,0.10226984235300654,0.12810004713560982,0.08263231430202267,0.09510946506233978,3.0
693,0.46128109994514127,0.2851906112670407,0.21593339409048554,0.20861321888879927,0.19548211809963292,0.22577032546598685,0.19117427451643165,0.2837786644802718,0.3070246956789265,0.28122521607483414,0.2208653650338489,0.16482473362996533,0.17537473321598512,0.13184445781923787,0.1531897083283083,0.14831551778954785,0.13710765875685257,0.13231298231162297,0.12874831670925718,0.1170052733587422,3.0
694,0.5330906463054814,0.35834350443306195,0.279007969228107,0.23482968978780527,0.21951831792018295,0.1879201257661151,0.21429579277191294,0.227987380325888,0.1892225017157183,0.2313434530511326,0.19656986617598254,0.17189972333895429,0.13882728269175992,0.10771672742385408,0.1318873623023493,0.15493121453781475,0.11444638310910915,0.10641462917804177,0.11029090953668844,0.08146467947467666,3.0
695,0.4662380291844484,0.32021375949863334,0.28696521008141873,0.3058040062219844,0.18009809758278045,0.19578449134485584,0.23397521745913508,0.22304386173865207,0.26635960550092047,0.27287832469256906,0.17937247975354723,0.16592629506916287,0.15570460630112282,0.14466499238573632,0.1121270495335216,0.12393309873066605,0.14858158311505948,0.10520393299404553,0.08719985424635068,0.09996141707013909,3.0
696,0.48887505948043547,0.38722962554603135,0.3393225292832162,0.2421794571489527,0.26595299375656906,0.21603457894202932,0.22550410189811101,0.20055966552036633,0.1937107914723721,0.21360504041547795,0.1574952883636361,0.1663433397555098,0.12169048207653453,0.11903268873407646,0.1128514507714586,0.1026442861409663,0.12241663451837789,0.1040671301853241,0.09464289124200732,0.07834490494113433,1.0
697,0.4829961750441906,0.2925689575660446,0.35654533185866094,0.3382133517013744,0.19030112849913955,0.21104920434793123,0.23619776606868664,0.24268260922535284,0.1773058515359835,0.20154640268161808,0.19085253776819008,0.17989326118320195,0.15123537597939132,0.13621688223083572,0.09097353092500941,0.09982127144061298,0.12107666248160463,0.11658708044678855,0.09344979132101945,0.08165491284297591,1.0
698,0.433041415356614,0.3503588223632203,0.3014798327481396,0.32370373229025173,0.25542139958583593,0.24035298816012116,0.2590893313812855,0.1553982037427458,0.20849928826974518,0.25429521459410065,0.1822865958310206,0.16733580382928837,0.1412701620100984,0.1353774295716031,0.12546679431437888,0.1207419802207624,0.10508342612705147,0.10381309958317872,0.09127044649770727,0.10789617774489436,1.0
699,0.5044762432007843,0.3456921750059836,0.30501796178776897,0.26340821481855115,0.20876406518759894,0.2459204159573266,0.20879413394201643,0.1595898624298217,0.22297757417417813,0.25433200948106816,0.2101202705193423,0.18647201827503973,0.14205999924843507,0.12396434401568984,0.1042805850524657,0.11447320515718859,0.11742201672317142,0.09516178588700024,0.0921095492444973,0.07922665024642826,1.0
700,0.4398381369126809,0.45912176939357585,0.3268426458284108,0.29833024314281076,0.2211255929603469,0.21225829438977362,0.2039932626279352,0.16860724429908755,0.17885866634764253,0.21588611441082206,0.16704525099183642,0.1917467912998528,0.11207252050350945,0.13484639249783303,0.10417025474033456,0.10288200377933689,0.10868312388186628,0.11183864448375488,0.09627566605152411,0.08302866427418687,1.0
701,0.5767641262346777,0.4705413647411352,0.2901424604841546,0.2711530629906841,0.20943914650231182,0.21649263155366183,0.16398890564903967,0.12179940541726784,0.14658326704585656,0.17726804051895023,0.12425489267119305,0.13332542320296967,0.12008251690160825,0.10472893745992855,0.08822414945913133,0.08912049604268114,0.09126043821413912,0.08670889857595244,0.08737776952221263,0.07102678950120343,1.0
702,0.44765099422778976,0.41983874491649553,0.48790603840076713,0.2590575194796225,0.2252901645499809,0.165240988863128,0.17018215223485178,0.19872602465166642,0.2050118637712559,0.1742411435539651,0.12955230720174937,0.12629482149123486,0.1081725429104069,0.12157428252088379,0.10153286677393984,0.10399256055548253,0.07242277537024634,0.0773418644508163,0.06475466172367728,0.05931005259844395,1.0
703,0.4255330360965587,0.4591144347987192,0.3834255967855572,0.3724442063580746,0.22056994529769314,0.17263889133067345,0.16799029429244708,0.14173439501717167,0.1634075604893914,0.19123997133210383,0.14882875406223975,0.14632746074023104,0.1255716830250928,0.12416133949454994,0.12436675459264447,0.10906240779543849,0.10323392800426782,0.07868441196687545,0.07966827657272042,0.08404195485988367,1.0
704,0.5885781749736135,0.44904229635892906,0.3545603162890001,0.21692557087467354,0.18701483100726146,0.15752434410352634,0.21201886829617314,0.1880570390139274,0.14261061502926725,0.13876006358747392,0.1687299772761151,0.10887666200671899,0.09271913092729243,0.10879187909060485,0.09697051123915014,0.08674250219632651,0.08653699303769241,0.08658750098545871,0.06340531382720609,0.05271340084027271,1.0
705,0.4414770676502032,0.44203396794472294,0.388066440077094,0.2838163776065377,0.27196819846366915,0.1996030740468494,0.22316003888870203,0.16931815798077804,0.18554136136468405,0.16749220690881236,0.14096051319899552,0.13854016143070472,0.11905916269636782,0.12487123304250396,0.1376420452456103,0.09069273638666925,0.08846943768664488,0.09434398657563181,0.08170897817604837,0.06629225358746686,1.0
706,0.4499134181758385,0.35755618817782664,0.39253345964413333,0.28997430618553083,0.23435960764049094,0.19089470710263373,0.1948951474499862,0.1931021422801165,0.2040920528568276,0.21829260573342954,0.1751457398533311,0.14937361380964112,0.17895098801652737,0.15646204227713006,0.14312514125932088,0.10403385209852568,0.0983407447907586,0.09676509061668986,0.09218349040431602,0.08537278301009366,1.0
707,0.46242318194379184,0.3907175054228682,0.31771068589906526,0.3014186299618945,0.2764222183406655,0.24314642797387626,0.25110575938099716,0.20564915510811616,0.23538545212949594,0.16902274944539383,0.15456908104345318,0.13950861631823835,0.16293520318080082,0.12211027022916665,0.0861651254187077,0.07166275930984821,0.07902423582110883,0.06940621839032458,0.06823753668669336,0.061398755003994034,1.0
708,0.3227496518914561,0.5518003803766511,0.36001683196319895,0.36414744667630494,0.2575881856104951,0.18341285953969258,0.16480312219158622,0.14042042334972968,0.1752036436318811,0.19326506985548075,0.1669238851503658,0.1254333101501423,0.14349893913908393,0.12284108809368588,0.091969252124484,0.08954402398888818,0.07999896994542484,0.07761255833789965,0.06329381326042897,0.04506437050789914,1.0
709,0.44531718221820604,0.4254966002716718,0.3963976647592833,0.29169467562790186,0.19569027595634653,0.2132218759457656,0.2236979037810807,0.19950554002534,0.20462164727545018,0.17959362507489465,0.1438703489966779,0.14533168600965468,0.14857415420854175,0.12481870185301379,0.10737412108960702,0.10167799234925833,0.09794455270743037,0.09335087932455859,0.08363658486105133,0.06370889888871863,1.0
710,0.7082906400400174,0.3457059546738903,0.1855916120043353,0.14536726717836762,0.15489539935904686,0.158978143907382,0.16484380452747893,0.20733122044337723,0.1740978763992626,0.1757600871302975,0.1613415683647992,0.16349081543030228,0.11924384823142155,0.1316271394289657,0.10477139039209173,0.09330452961054375,0.09650317908318051,0.08081753569738985,0.10626114398177346,0.10716412288732759,3.0
711,0.45532495082781443,0.45233478760788065,0.30156035480529964,0.2913489575429799,0.19383166425409526,0.24582297662892294,0.21218690115137248,0.20777259892024222,0.17836192422687047,0.20111968951115652,0.1914720158558054,0.16393841867480988,0.14091198770396857,0.09713625789713629,0.12362637275273314,0.11588649025253804,0.10236902142482925,0.08588400892153955,0.08305410279925417,0.08659951540880675,1.0
712,0.7777894447392164,0.36206276649760893,0.21565683632364466,0.19298916406036837,0.1458212033820627,0.12481286475060813,0.12357736339445904,0.1052169345530065,0.12638657007223003,0.14857146370410665,0.10653916857397307,0.1245860004492146,0.08400632192996538,0.0685567632073296,0.09860296573009411,0.0680226198268603,0.10601659016302885,0.06439377540945737,0.07583246793069277,0.0696759522271377,1.0
713,0.9053738059900198,0.3292940121243253,0.1517465422631972,0.09463364062207066,0.06853777474493239,0.048247129060398165,0.03310629625943408,0.045003789380094125,0.03824690441396238,0.046244727574649896,0.037206144971565915,0.032291615306113894,0.03519091022717348,0.03762947016961012,0.05366332648801884,0.07012262164932052,0.06446159394738149,0.0571628856982289,0.05111243302289432,0.056740414183497644,3.0
714,0.5782642113267739,0.3513189765407651,0.30735761288515273,0.25301242538324287,0.17942858113484225,0.193434243528027,0.2090974449388265,0.13036663618343516,0.22410535057232173,0.19376121344095595,0.1578936988451757,0.17641901296456544,0.12993380822820544,0.19348754488741668,0.09501649195717782,0.09787965443432779,0.10250403363611248,0.09562795731090439,0.07258185136736484,0.10818256715004343,3.0
715,0.5567874725115538,0.5262513557472555,0.28983958749263183,0.29155621241494667,0.18934556069631608,0.17744143345764093,0.15467923337951373,0.08846871785727622,0.144261173205764,0.13306173582539635,0.11714668725610489,0.14411774919274015,0.11842811244554576,0.09833098679058998,0.09474473101632644,0.096428524556441,0.08362545890368912,0.08837919608425139,0.08616795795115172,0.08796249865519132,3.0
716,0.512580085696233,0.5781753834636792,0.3174029326114352,0.2341776885457502,0.14328908058746975,0.1624947609778977,0.12806808346139872,0.14283132876391225,0.11335977865062685,0.18354990451722095,0.18861091820738113,0.15112577396410906,0.12044807506915776,0.0951105119816565,0.08343959047397015,0.09021252011363118,0.06307030533096564,0.07317755687980032,0.07218437504665068,0.07416765041379414,1.0
717,0.5069193611155904,0.382027086367494,0.3616690073081619,0.36229952129180953,0.22418111841559027,0.18226635441230837,0.17794420664776323,0.16020817782469693,0.2115042001155318,0.20831450232615878,0.15304639840468434,0.11945669330886893,0.09866432184356988,0.10950811648126454,0.08838882541218154,0.0855202019050613,0.10182196934080275,0.08504890600363975,0.08799348158476746,0.07870670678596217,1.0
718,0.7391674268552338,0.4124232993204321,0.1602642863014627,0.13862546978025186,0.11952802387612589,0.09106260463076912,0.11588773065733374,0.14059749313652617,0.15893897456034115,0.15787746147935117,0.12979077025384217,0.11911462801657577,0.06870816660494308,0.10136390905906052,0.10255033941148867,0.12008539975471406,0.14184652723797428,0.08962963204817435,0.10036762456350985,0.15322852308409332,3.0
719,0.5470749622126287,0.5054209626136559,0.26964472323313293,0.24303119719357175,0.18488465112032407,0.14127115142359994,0.16424211225282576,0.16471189068811037,0.19112494995694843,0.1654979109004782,0.16111001191732358,0.1422423574260254,0.10362406135036879,0.10789260636224267,0.09862346363112111,0.12609635606418254,0.1043038422928783,0.09487408882282758,0.12641537194311156,0.1061430496236267,3.0
720,0.5992831378601318,0.31487570063200004,0.2559837885189821,0.2797973115447623,0.1956004497827353,0.19001773528296892,0.17278673469038833,0.23212481568578608,0.2014356967289991,0.2129687317416372,0.18701476874258433,0.124156242040124,0.11697609229976146,0.13607140139397214,0.10172535798908816,0.10355912158522469,0.12518608044307256,0.10793575304572643,0.11304047154515795,0.10051267480646818,3.0
721,0.47537715195270985,0.5034329395784098,0.23826893526789703,0.22703150308752523,0.20553145622259364,0.2195664391859718,0.21376834291420654,0.1387815491127419,0.1753480990222281,0.22420232654008304,0.1341285657489079,0.15278261495751216,0.18986254140303738,0.14047056742605687,0.13970507992178147,0.11675736574265706,0.12003315203571503,0.11584340338089788,0.11663132998348494,0.06434214870929163,1.0
722,0.5613600979397166,0.3622306540255841,0.31308106014422193,0.2868688301487406,0.19279743106813813,0.18541346786131493,0.24096327923026356,0.21546466908116862,0.20112401461735482,0.16971681249681725,0.16991044617290657,0.12856311687808228,0.13775021623908823,0.11877505443051475,0.09631632038214424,0.10899285711327909,0.09696831631337069,0.0803440134678643,0.08295024543687247,0.0753831421044823,1.0
723,0.5241659342548509,0.513883869527091,0.3464806987599234,0.244406979852119,0.18331742029239906,0.20858411544545183,0.15523540362258426,0.1700104798423102,0.1615357178178538,0.14180267368221694,0.1355738226416296,0.12207706946012485,0.09672344266900501,0.13528274827179104,0.09934584323019921,0.0877165546451799,0.0855690719899548,0.09426987462425258,0.06633330389100771,0.07720825031347327,1.0
724,0.46631698401041605,0.494533390159931,0.3795165408667586,0.2777448224878038,0.20179285471874253,0.20943893070306463,0.17438552703471646,0.19308373663945919,0.1888988426334927,0.1687759481975323,0.18218880161596054,0.12699764412345407,0.10148433017079593,0.09081324234041988,0.100622503994557,0.0733523506717369,0.0789924880076703,0.0617522339395022,0.05594425107636663,0.06172363194771165,1.0
725,0.39385958376824,0.6241381629244176,0.4294565457702907,0.3112415585680655,0.15458815326807587,0.13314127541658047,0.13774368381311652,0.15294031235107258,0.14598690499617067,0.1243408535654093,0.13682669263467984,0.09186214629943876,0.06272774420092009,0.08187540904451125,0.0633728916660769,0.06034913765189632,0.04632421239835851,0.04325386502639655,0.04470336518320671,0.04229721913803329,1.0
726,0.5878141204487132,0.44167617617672966,0.36475748596392976,0.2208871990317816,0.23493085304147626,0.17984789987451977,0.19073168539471722,0.1767181437473568,0.18160098634750996,0.15624998989766672,0.11577962493615769,0.10223141630847819,0.10723193923300697,0.07428904000462691,0.07737348689689154,0.06309456054162657,0.0635349950127679,0.05816436550988768,0.06062310495397884,0.05552156531631398,1.0
727,0.5643984731185014,0.365275923519747,0.3954464618393902,0.2989387562209905,0.19753071306299227,0.20524936634253202,0.17043212788545475,0.18989725379428743,0.18189640686578948,0.16972363530098294,0.16849412078812195,0.1259606591469367,0.09446529202288247,0.08814807355946523,0.08309379855946858,0.08600548931677188,0.0771232281946004,0.0621707927316369,0.06788415936807876,0.06683029680703013,1.0
728,0.6713017828128801,0.35747163613419913,0.3088616289819657,0.22382611020298285,0.19560256004670443,0.1416525162851219,0.17134852967034944,0.1348125450831419,0.14630411733734244,0.14164022612163985,0.21787845714504067,0.14763542881543554,0.11172047140709133,0.12139576070809398,0.08020318308054548,0.07542976629093469,0.07383426853355378,0.07468371573803978,0.06926552594037771,0.06566749419319191,1.0
729,0.43012747608506574,0.6414998070194469,0.3196647914126785,0.26666724603514125,0.15383354902228724,0.17370801639492406,0.15356513715823025,0.15655828186698714,0.13997354513438426,0.1468383048782089,0.12923766721349592,0.12802741750908858,0.11607960812071699,0.12748575339417498,0.08069099008273033,0.0722343563172717,0.06004139558595952,0.05061414965213498,0.05137621713411403,0.06107116300519848,1.0
730,0.465253288326857,0.5399617650139642,0.44827037371279704,0.215402385114534,0.16647277457704898,0.1883482838822998,0.16923892348843692,0.15632576046283014,0.13149282388204275,0.17502434806350903,0.13184094944118188,0.1099914743196895,0.11001089652976544,0.0808671305938222,0.10208566534832869,0.07971372560261772,0.07038649500929331,0.07208699843819742,0.05695520651714312,0.04638912437155449,1.0
731,0.49958043562250937,0.5536242484650034,0.3169777811092831,0.27584578302606005,0.2016072552066682,0.18297080935896087,0.18705027120677392,0.14572335379112308,0.0922910866611776,0.13158323030790048,0.13128958946784583,0.14175388165176844,0.1498921628321146,0.14153938976650282,0.107373913261332,0.08401360761193727,0.06658958081326573,0.05805947184430979,0.05312058725223543,0.046136571983406115,1.0
732,0.44283072623627084,0.5101020869345356,0.4076770083742344,0.30582202473050407,0.21991998119497322,0.19450178030003457,0.18714753783311022,0.19235259415236014,0.1731462779727521,0.1615372954807214,0.10873703633647426,0.10935091574925093,0.09168337484891771,0.10303814551295831,0.06494391505252087,0.08914625448190801,0.06742002636904446,0.05516623776755773,0.06263161449340508,0.056528180569852475,1.0
733,0.48594885615948696,0.46429734316179594,0.397249598669273,0.24594900966215352,0.23947995229624608,0.23859867017644526,0.1696258027672849,0.1922420107894504,0.1468952416271915,0.11630406006515627,0.14913072563754623,0.11687968515527704,0.18420019305314583,0.13422087786518513,0.08461993707025989,0.06459800366402496,0.07254387277459957,0.07088609028657505,0.04876040810408528,0.05499591338240982,1.0
734,0.5344563376433094,0.4290209087352118,0.40995619605488726,0.318390993567911,0.21898079250217192,0.165755084065389,0.14764792995427006,0.1971843798906596,0.16185757575902615,0.14760254338196613,0.10373892206812588,0.11814757761256375,0.10048213306286047,0.10804930936272145,0.08956572043379438,0.07834730302119595,0.056421409272659186,0.0728440071251042,0.07022715542624788,0.051899334737188406,1.0
735,0.41430509637513135,0.528414953959011,0.4196330750186486,0.27972616446440257,0.18372190720223255,0.1926529273156464,0.18844055323099854,0.17712940858488452,0.17167926240128145,0.15845916454915007,0.16063054605265417,0.16051006086398917,0.11284200795039372,0.10488223638297733,0.08477263120528174,0.08750586684800467,0.06346455266127435,0.044276039470796495,0.056101409504112146,0.05634916627819015,1.0
736,0.5520953641527861,0.5359629674910528,0.2631514420661702,0.3264077528317483,0.21794005177443102,0.20230490950759633,0.14124822065717993,0.17699912811157362,0.13152184641032147,0.13059197197681816,0.14057944639202188,0.09735401687450648,0.08021044889164194,0.07751332605006733,0.06970293013316246,0.05751551416402797,0.04592915541049598,0.056137142430593735,0.04486541139679821,0.031045604518358763,1.0
737,0.5246660511754118,0.4053224888686967,0.32519007696404223,0.3010294231146599,0.22568661646532506,0.24329995377023553,0.21798794015871067,0.14583835149119773,0.1551037554976768,0.20480900637996452,0.19002387700864054,0.13861305825545298,0.14175099587528114,0.11954919248969562,0.09476132824541841,0.07524535003745216,0.06666259678135796,0.0624134445705921,0.05793751933082633,0.055726580043589345,1.0
738,0.45801574151442676,0.5207072874764044,0.3980991208990855,0.25261188079183655,0.21464050039610472,0.20498399314734517,0.16591923899677274,0.2117083640019886,0.1376975566531154,0.15987487580258028,0.12433230922285336,0.10542826528941236,0.17157335843487037,0.14007501522632232,0.06454956414538335,0.060218556162915,0.04819006148230449,0.04913371047445259,0.04807364578370841,0.036853217488162796,1.0
739,0.517343593868679,0.49849086975452334,0.37099764868315527,0.28826780228650006,0.21292951052975348,0.17177243017504457,0.19786281942352776,0.15424858709929873,0.13589389301126265,0.17659091750565947,0.1624782479583537,0.11414235572673131,0.09768634606744439,0.0850849853568492,0.06696409713772038,0.07809964867187956,0.06117272584292161,0.043054067059581126,0.03978961883050098,0.041398784870144506,1.0
740,0.6454993506710548,0.4379007005180376,0.35739134983271603,0.23417654336272137,0.1756603384176248,0.16279239053340316,0.148438006705527,0.15946466102811535,0.1521893816131781,0.11685568235625184,0.1612685755165866,0.09343932392183851,0.1112660483470284,0.07879833484476285,0.0676613500485693,0.057352541761388695,0.04415239757214717,0.04041335553276677,0.034831421167015625,0.03711729502906336,1.0
741,0.5441265368284306,0.565537575187663,0.27894278972249403,0.23270566455724284,0.18917360405136174,0.17966329278686866,0.17692666931710851,0.15211500875096406,0.1493393154819844,0.17697405942162117,0.13363903688928855,0.10263395726701927,0.09918619241538348,0.11557820195739903,0.06699299566324908,0.07637202182033528,0.07625475387879257,0.048355208545167845,0.0562494014055756,0.052686198247283975,1.0
742,0.4646463464012174,0.5451799393897451,0.4124934327854156,0.2922630057646508,0.18704897095450615,0.16781126138760075,0.1696539454022255,0.16523773695331417,0.12101079106174903,0.1595295854657002,0.11394169652406333,0.11824896894012031,0.12500489879851093,0.09533404028246549,0.06446243400543865,0.07631504389968485,0.06507909969083794,0.05087191200811754,0.046515463125495746,0.03660940657828519,1.0
743,0.5415004118261503,0.5678218306921186,0.39722694071428155,0.20906002254046827,0.1609620142114065,0.16513838482739276,0.16597270166203737,0.1359411837556134,0.11436164454494473,0.1454522096283854,0.11431318710549913,0.09599921492633597,0.09508195141765154,0.07362780962833783,0.06490918137887242,0.04622065365749721,0.0415223151612152,0.04739818620895583,0.0360172368450284,0.03250443409595461,1.0
744,0.5527048736508104,0.6001570896538075,0.27449065863777533,0.23570602807350197,0.1960514715573864,0.172403764288011,0.15150541912238785,0.17369225451523573,0.14243930138407954,0.08860601525532641,0.12837773308162967,0.10705727604098303,0.07284909872628079,0.06056362336732507,0.06681176503081925,0.05834019309507699,0.059319870152887505,0.04518557851855099,0.04324864540827184,0.04229376429116529,1.0
745,0.5398933239583857,0.5873450371134414,0.37151479865626774,0.23675974297347185,0.206312950013358,0.143141937393479,0.1487367284313209,0.11945353819688957,0.12393448223629677,0.07768086212180238,0.11283410158534729,0.0964027755607739,0.08509903930786533,0.06958212327016026,0.07133441030150517,0.0549158114139574,0.046221809567629446,0.03694478232132372,0.039855268482070744,0.03632347942705414,1.0
746,0.7307913720162078,0.33782552665198573,0.3139058732748418,0.19753520649307874,0.22686448358021316,0.13849813298462182,0.18151040996576198,0.1360288144623475,0.1301413473866728,0.14909770933318717,0.15003831532851758,0.09167001310600029,0.07021040319152384,0.0807786373575396,0.055088234610906804,0.04477415079344239,0.04245755066963276,0.04275454446192367,0.03212496575789904,0.030384455944254804,1.0
747,0.5776321869713518,0.5399466732752729,0.38657814183735945,0.2249290345100215,0.2102760563944228,0.14131741203903975,0.1455022350946615,0.12105082165140475,0.11910462643925314,0.11924130172595852,0.12652912448125564,0.09686959178518924,0.05697817227878168,0.07865839076416736,0.05135439976093204,0.05559215283904202,0.04157875726358397,0.03847602543071546,0.03619563017305365,0.03568765548706652,1.0
748,0.5980253553908923,0.5836391204723919,0.29946640114369205,0.25388678690864586,0.16762994751719484,0.18384415581049618,0.12034974616380159,0.10003498679555084,0.11372145732759158,0.1212879121319077,0.08861480199240494,0.0921215217962749,0.07176543343468954,0.05612130615171482,0.048045264924420523,0.035462525138046916,0.0431218881693015,0.03570422345168482,0.03707502891397301,0.02908511440640437,1.0
749,0.6048442347497545,0.536922764911134,0.343002834746724,0.3088820108705146,0.1798052910414858,0.12015052797856696,0.12843724600154013,0.08640208534305288,0.08193189595463297,0.09869012766341766,0.10285815247626276,0.11382074888018191,0.0799572677138624,0.07202167785977014,0.05344548292376097,0.04204984179283716,0.04730691679906539,0.041459656842031484,0.03595816737919608,0.025466530376069583,1.0
750,0.607866906999514,0.47265607523352937,0.3095809450798584,0.2184207455808924,0.23110366625212297,0.19017033798508778,0.19826364484480416,0.14855123101049977,0.12427975006625616,0.15594421072380446,0.13668616252996538,0.09830215037635111,0.12795755551933258,0.09044480107292166,0.0811851078301283,0.055873519647372666,0.058733893065852354,0.05252014520107513,0.043311043017213766,0.04621521335445568,1.0
751,0.6428022808594572,0.5018205018822719,0.29913096111242693,0.22098364631657122,0.18016591946228416,0.1751120384957779,0.16393738249220965,0.15498092469572186,0.13513343370740327,0.1260422344614171,0.13423893386099653,0.08377767848502883,0.06101557249220643,0.07875381868631157,0.05335640238070318,0.053894657017535604,0.04215837086787454,0.0534064527997014,0.04107186182042561,0.0383433335106102,1.0
752,0.5237374767173639,0.6446619141020502,0.3180235591467365,0.19742781228254705,0.20861136667928667,0.19690687829215892,0.1412228177553341,0.1363858488489749,0.09510756160467523,0.10262803259462533,0.08727846366387498,0.0772920693679209,0.059252229541658284,0.05637090499035792,0.043979983639184976,0.0370052077193047,0.04733791528016472,0.03580946604449774,0.03677846138995682,0.0334634853542515,1.0
753,0.5314359363586167,0.5660954317666379,0.32042291430564385,0.2363908809817725,0.1547014324535555,0.19710130685693208,0.19595498717979226,0.1736349826758074,0.13752217739566047,0.13005008818246977,0.12963696532688845,0.11427854021404266,0.1009770482665319,0.1135063211930882,0.07417026530514208,0.056199523931191105,0.05440114547772452,0.05514722213942491,0.04901038056295242,0.037393958327446075,1.0
754,0.6144875671734213,0.48952292736071,0.35905487396148245,0.26453155070937784,0.17254716190523064,0.1887399839111443,0.14564595006710218,0.13878806078361394,0.09448208737390364,0.12654155623227356,0.1477821656182275,0.09317594546569843,0.08614379330856826,0.06695062927692932,0.053051456397661935,0.05061789214692891,0.04478803260303327,0.03969832805636581,0.02666825766197215,0.031160419932239777,1.0
755,0.570530155274105,0.5859274513540426,0.28491445209224386,0.21898140939937225,0.18561540521208234,0.14243740425851503,0.1724358281094657,0.11189558829695682,0.11841724427737826,0.14329359033906747,0.11734273723290473,0.12497633077681716,0.15050453565442623,0.0887505328828832,0.04949635292156111,0.04587349885538,0.04015639654173759,0.04094176202045116,0.03977731419458482,0.03407924198638655,1.0
756,0.5370454022433779,0.47841550338184663,0.39554472634935606,0.25853735785539855,0.20784492420159473,0.2068849229369066,0.15342699368648455,0.14264369882429684,0.18029326184554262,0.17262337191080243,0.14150324855879418,0.12814694535223534,0.08407895255613755,0.07157846415626497,0.06512481422592509,0.07399286150513895,0.05538745708933192,0.04940766275679261,0.03768494882561165,0.043913808813754826,1.0
757,0.6026726517197892,0.49118880202274917,0.390211256069959,0.2503232288705716,0.23318511856270063,0.19537458947675304,0.1523878019948343,0.09887814078644862,0.10747557161876718,0.10591685220168744,0.10025704284457117,0.06282461908192487,0.06548786882569094,0.06635299807453933,0.05002186923669203,0.047062496746009416,0.03831694638457499,0.03575270366448625,0.03437134967894525,0.030711024588142847,1.0
758,0.7360474775922246,0.4595896959128472,0.2592432767785354,0.18490486681040702,0.17639750973418586,0.1333970935118491,0.11780370032508905,0.10258360432559394,0.1311052675030386,0.11008152176662458,0.13169447500105233,0.07223454336907309,0.0724004794499573,0.05723765855445715,0.04414440915481311,0.04548269258899375,0.053109934950790645,0.047714477504669846,0.038633632303940575,0.036186852074459264,1.0
759,0.5729145031089773,0.5600981250949617,0.33641685785172,0.2152011843922312,0.18022369817324713,0.19756295976426852,0.16621597189177528,0.12407393812260196,0.14111383400736635,0.12355644547012971,0.12734363209209454,0.09523678562691948,0.06675706993877585,0.07683272433608533,0.06130293277582483,0.05522546614152117,0.04210825995692726,0.04470088166260957,0.03638701735150469,0.0361758780855387,1.0
760,0.6596230683904936,0.5341694715147512,0.3145399599841284,0.2210893053925691,0.18895143803997325,0.13888498399233698,0.13762161630746084,0.08573194890998949,0.12125395974088227,0.08719700380835613,0.07876611401861512,0.06665413204054285,0.07164308466273996,0.06121905858722763,0.043613835220715685,0.046318971312954836,0.03806447525361483,0.033898953125811364,0.027389547370816652,0.03512963992715286,1.0
761,0.6098684959368191,0.5891991506139915,0.2862529282796921,0.2274908892397542,0.18878085515958837,0.14599147155184314,0.1231285333589208,0.10027024660483143,0.12113443554140887,0.1358158892157051,0.09660167788429172,0.07106921233511747,0.049940010743635285,0.06044079727446702,0.053087657607106965,0.048587456641098536,0.04661640451668755,0.04060553187287001,0.032173657763705205,0.03687890790710342,0.0
762,0.6076829417710753,0.5984850987136134,0.3010688935550262,0.2766715832884595,0.15843418033520784,0.12080204005920651,0.09462619926869863,0.0927477079824505,0.1017693699931401,0.10199352491570003,0.07938079837271474,0.0664905934383357,0.06682422082012772,0.04980717015704944,0.045197401372744195,0.045473271485655026,0.041963487860276684,0.03921816138049501,0.03424735697204087,0.032952690558727536,1.0
763,0.5642238149534057,0.538474935186676,0.3203484827475881,0.2757098530215672,0.17613086895312147,0.21781556582690303,0.13109267846291242,0.14542956114368222,0.10363920226355294,0.15536775767616784,0.12527947146167753,0.11329131685846626,0.09097930788660305,0.08371478468179405,0.07335127534820512,0.05937160399014221,0.05278905707829277,0.0444344967560326,0.04350762287853145,0.044738063660075,1.0
764,0.5821037699542351,0.5458698262795294,0.2910884623605337,0.31652125671300424,0.2515974121267394,0.1529018246889361,0.1423402744994442,0.14816462688963675,0.10568851058378005,0.09618406686319905,0.09151351862356834,0.0631964956989451,0.054550297548493255,0.0546495650212818,0.045281389976407814,0.05904751902518183,0.04402787769011231,0.02776430505717823,0.029699196078725898,0.03858451708875269,1.0
765,0.6315970915553516,0.48710456392737117,0.29757549418005436,0.2191201094376313,0.16111242339641216,0.1949901267368512,0.18132921781216993,0.14586266826906166,0.15675660588969864,0.15863829335298194,0.15124988310305462,0.10297618524411564,0.07180812954341485,0.06770579249296056,0.06463380745181019,0.0580644046571985,0.04762265312823617,0.049757881532133084,0.03865058835322408,0.04866635017929483,1.0
766,0.8237354122599472,0.3221842701167186,0.2699733618749023,0.17661658871975877,0.1424693261666968,0.1484927148379664,0.1184618128029002,0.09351619758479006,0.11095981804710725,0.10165162073833038,0.09786479400909576,0.06552197961203858,0.05819753192466277,0.04341531065933522,0.0366610960709954,0.04116353687336873,0.030987403936320615,0.031636572293235486,0.030904320570371006,0.02664378072322814,0.0
767,0.8969348046639718,0.24784479950766972,0.13687939705702382,0.07986530490775941,0.09657459090128341,0.09852590291720507,0.11210105338367142,0.10298246201455434,0.07019386071147096,0.07918135746031865,0.09246674081556448,0.051877767786841875,0.08654905098312954,0.06321040629063751,0.06172658900230327,0.052377846401227696,0.1027420333663469,0.08925636579983101,0.06417726648650149,0.06034003650838322,1.0
768,0.5440983286111587,0.34920507474510043,0.27810051855199547,0.2715709001103713,0.19029810859905877,0.1799084089127821,0.2422878389969858,0.2831376671103807,0.2674290879752159,0.18352836131717146,0.15412632915714589,0.1454858641256762,0.13212804736075281,0.1020661732505349,0.09051030880553246,0.0874223501169693,0.0768314331655831,0.09870513529217531,0.08523125019809905,0.08203137133299275,3.0
769,0.506935516876976,0.4573296138405398,0.26628198564279326,0.24479432716575805,0.25538077011594473,0.18454023821778276,0.3130218585883529,0.21386591124493087,0.1874421367082606,0.16063144897374698,0.15758740759917808,0.11930383999815938,0.10687902574047277,0.10217016263750792,0.08874530667676549,0.0876433634203947,0.083182205778336,0.07573639287846122,0.0827709795867958,0.05577106357837497,3.0
770,0.6082143599378116,0.5106225885726715,0.20463265323219434,0.24070466054296677,0.1817819236482822,0.18727262964806343,0.20499755869038705,0.14180525150956771,0.17689800580525297,0.15983460313910286,0.1647759587834282,0.1177813676036945,0.10512654624646207,0.07506432730462845,0.10095228073864228,0.048652900170386905,0.06695428812638325,0.05809353360507218,0.047769780274285134,0.045057775844212423,1.0
771,0.7666958198375966,0.3272561827393506,0.23159555973015444,0.2097413127855962,0.16337938178417802,0.14666324538489073,0.1575166473089653,0.13089686646868354,0.1619922553776628,0.1461115616119719,0.14624261321601964,0.09435716326202583,0.1064137991963798,0.07971506088449778,0.06928877361747693,0.07361671250787573,0.0612281828215204,0.05711258774210735,0.04633914384894034,0.048657204345968215,1.0
772,0.7101602851697382,0.38816184422282946,0.3509293474180091,0.23098959851680403,0.1896817155999774,0.13473581090195613,0.15146994308575618,0.1570525068560196,0.09535875547823135,0.08986968750703661,0.11314081625769376,0.08469639074065033,0.07915005088501186,0.08632962489936255,0.07689027435636152,0.0522360319036449,0.04934896499602806,0.046743298301620016,0.0352614699025132,0.037250094973901575,1.0
773,0.5570758015182995,0.5016288809915452,0.3599131340207238,0.25571423171627017,0.24198642101670506,0.15196637801266796,0.14688456336268188,0.1365187146966419,0.16413713547445316,0.1530732582747424,0.13419309002903762,0.09758655058974958,0.10325731442697286,0.09949915413326045,0.07192052060928501,0.07906721457105526,0.05280304653637693,0.06062894043449422,0.05891190708799678,0.03768046109524264,1.0
774,0.5482306431705039,0.36291549641117127,0.3732294706271467,0.26380640085138907,0.22600458013042307,0.24411462784042232,0.2029191920676029,0.18255782259752334,0.19191576907158056,0.17012222015015607,0.10724358885758585,0.1486561704729629,0.11402867415443506,0.11652969808348802,0.10304056794733658,0.09568436130412886,0.09413000647519357,0.08583641959367096,0.07422114926159885,0.07875976944459359,2.0
775,0.49842267351026537,0.4349765178745746,0.3335241625930662,0.2819132329562262,0.19458193346633662,0.20886835564219663,0.15229129561734756,0.22668657974936568,0.2274336607594062,0.1958131866066869,0.12307106747544368,0.13892765856788342,0.12374034012745204,0.13573027416506755,0.10845120828625043,0.12780999224993772,0.09257230906048229,0.08690333694859381,0.07868527898996723,0.08323687364945657,2.0
776,0.4485166062636265,0.38901438617329814,0.3853828116316896,0.21310519253200902,0.24420011704232672,0.20951695062826864,0.27653829683381537,0.18709273346755564,0.28837095281926794,0.1575433519506145,0.20819266554315013,0.15210527670434823,0.10748521937443892,0.12266525236145373,0.09164482728162233,0.08403460932933177,0.07440177167159115,0.0733171754724567,0.0748249122069281,0.07436810624302094,2.0
777,0.4666324956874801,0.4579809723853971,0.33473054440075795,0.3283369320011188,0.21757275085094885,0.2038233762735026,0.21710485556756912,0.15353211428078725,0.21700788451879618,0.18520747530478546,0.1577378378813361,0.13300699266439206,0.13025483584042583,0.09486491551323564,0.11230719899525937,0.10354633588202021,0.07774011119434265,0.07203968592712232,0.07025078258941247,0.06028441224087196,2.0
778,0.4444491269902893,0.358055085178355,0.4510525432043986,0.25577745152193043,0.26240064777074806,0.23762239036963778,0.23422698160740407,0.21136728962831378,0.19820806158629178,0.1772862916529536,0.16783779320036205,0.15049767247539053,0.10894298739366658,0.09833782883494095,0.08380594172428456,0.08686800940206449,0.07533565995134664,0.08902605055390968,0.07113283962507189,0.06502928811445649,2.0
779,0.5084338416121819,0.4281765051284972,0.35922990904122676,0.29834781763183793,0.18282221206757743,0.2226586458766444,0.2157039944222797,0.15197035066014591,0.17063860890153704,0.1779195930980238,0.18119203784409882,0.12344265702456612,0.1268386115978994,0.1159509260119052,0.1301235317774762,0.08716435934704843,0.07835888437658005,0.08627938831476956,0.07289931119455219,0.07533790107972686,2.0
780,0.6939909081368438,0.3566920094984714,0.36923085747721657,0.24271271365388356,0.20321089625400407,0.1591370483154072,0.1485500658641591,0.10066476302594206,0.11622761389070974,0.13844172914427738,0.12352846211597371,0.10647864626461724,0.08693850277617536,0.08032008201722331,0.06228833157963023,0.074385548576521,0.06539446911264202,0.06392516215692703,0.05749201350493609,0.05219141749256831,2.0
781,0.6956457931295111,0.4376586807032838,0.2516220262198986,0.22340313941250267,0.1914873250100147,0.19912992341402716,0.11647656372177657,0.12448898484573509,0.13821216718476975,0.13815581856017425,0.11834621268135426,0.09226203571583629,0.09236728960772252,0.08182089638408087,0.08537569844773762,0.08595108330034436,0.07334074974782806,0.06541622152747899,0.05695039554946074,0.04911793917227427,2.0
782,0.6505790832293014,0.4316195143509345,0.30340773457914977,0.24929519272556064,0.19501456470790893,0.196161091066782,0.1314197338603099,0.16440804412544346,0.14772556638346232,0.16526628209784702,0.11357897431021956,0.09194165066049205,0.10673347325561784,0.0782782209112727,0.06831551210931217,0.07555408121357406,0.07133877344541491,0.0714347965278256,0.05737239757409002,0.059734215038565894,2.0
783,0.41997107205098666,0.47434521293265686,0.3103559004637781,0.36303427348366774,0.2918790931962651,0.2074477710588337,0.18202038955513017,0.15586374881901136,0.22764990833111765,0.17901466487114845,0.14356812266371882,0.1222077165359954,0.11358268589746584,0.10379045505413696,0.09997264769267,0.10656525896613224,0.08561989319033847,0.05923795793146779,0.07047383014502416,0.06786339679882138,2.0
784,0.5909391075617987,0.4945063619081593,0.27328844210501624,0.21821269987367006,0.19912050635680376,0.15866251477658513,0.1381107902837803,0.14226646679774124,0.2090755235827073,0.18642318617483428,0.16230220956209124,0.10177815094840012,0.103119949718863,0.09932218782278567,0.0991145289074055,0.08286362219165724,0.09432486575861333,0.08505311036341572,0.08805906056401042,0.059771963958787595,2.0
785,0.593869090900176,0.5508623483149662,0.24818128372750395,0.24996579354496148,0.2312793818847192,0.18556748645548035,0.15107912421330968,0.1496915762224611,0.13512027816923528,0.13008577950494452,0.1169522207390595,0.08088995710469982,0.08169628033731659,0.07592043684211841,0.0701518551542921,0.06785262127442238,0.05595087296987414,0.05380797207984044,0.044679825388182354,0.03534213888226873,2.0
786,0.6544416694089903,0.4561543070376642,0.27105641832019123,0.348778292088477,0.1710440308186192,0.13158351869965706,0.15682677581036242,0.10823778274376789,0.11367206618126091,0.11426435129185937,0.12106273202646592,0.08381101945195346,0.08832359972977309,0.07938630442685526,0.06077797735629235,0.08495505119934717,0.06043302050415699,0.06669355211640587,0.05429344745236341,0.043708747919059876,2.0
787,0.442684685481556,0.4004862965081087,0.23080057476688917,0.2391836169611912,0.2840870065872825,0.24804046397405943,0.23830529497667158,0.19954809976204663,0.22533065774056268,0.25939919561042135,0.23087805844872958,0.19403047553831365,0.15291993977998142,0.10355775710717308,0.09562705774893705,0.11184763990737426,0.08556095845496356,0.0714067165238352,0.08918381308730126,0.09578144094867475,2.0
788,0.4885026237048707,0.4122565630866978,0.24965534650312757,0.23358676804347747,0.2466283344187488,0.2621893287515482,0.2326207561312013,0.22103949307875634,0.2382845105173,0.2182947288806923,0.1957426457082612,0.15201406064192202,0.09402824993844805,0.100879768057369,0.1121760325386811,0.09174306110933962,0.11363175711538787,0.0869673212350205,0.09523319843234655,0.08099870776376966,2.0
789,0.5715843680057213,0.4074774274480171,0.33203349442216223,0.24249640950638815,0.20225666827993105,0.22908185866630718,0.18502703549850222,0.1543138038108481,0.22024889355985192,0.17183782548999674,0.1877676909477427,0.1126935724923964,0.10535181125095161,0.09746545211229772,0.11255654055748178,0.07598868375691403,0.08409558557600585,0.08451901397077007,0.06933215817366327,0.05205844208614315,2.0
790,0.658947605982629,0.3446018164673995,0.37246703181953605,0.22211464289056343,0.23837706397477873,0.2060425466888498,0.1667344743734851,0.15786263164546643,0.1488703386878747,0.12828842190173342,0.12262649494801808,0.09380786002187415,0.08952078568866934,0.07050850533955573,0.07199557179872286,0.0738010206295782,0.08291663829511986,0.08218256000293955,0.05069093933486559,0.06856624229602626,2.0
791,0.8309076318449864,0.365126519925336,0.17537532363261185,0.1725543137810566,0.13312695559255724,0.08331106461732112,0.1151969788192278,0.10401203428829939,0.09186099539738718,0.11384463677848503,0.09474760421347958,0.10716557895590559,0.05946964412926885,0.06711044918498893,0.06540403098101542,0.06187508520446092,0.0612561643467866,0.045503672573947815,0.03980463639360313,0.039707435874129636,2.0
792,0.7258570849875449,0.3456643233424443,0.2758078831791819,0.17404832956116467,0.17930460179428453,0.17290357042960025,0.20719461567496322,0.16577189134514014,0.13279542623039034,0.14204364284887233,0.10568614441590515,0.10844971155643239,0.11738482104970618,0.09270790800380171,0.07438641632854082,0.07907027144658403,0.07938584505360798,0.07675483014792807,0.0654518633417519,0.05874061607946525,2.0
793,0.6209795850397866,0.33902650197959977,0.2641274443775991,0.3341395044639489,0.2006401992443931,0.19636353950132202,0.17983112611278457,0.1411869492898685,0.1828675792033781,0.20297570842111895,0.1601771735403097,0.15284713265976912,0.11470395620840379,0.08985222478604414,0.10167572424099931,0.09322096922102246,0.0885813424682264,0.07405479324620134,0.07474476850425306,0.06410944774873199,2.0
794,0.74127961799932,0.5054070830765389,0.24027530162478186,0.16847096966652383,0.1362011346294132,0.1257691909383626,0.11509446984293277,0.09716081862724411,0.0852680908736316,0.09895438461689193,0.07280135416696137,0.08382626508586923,0.06238420685900711,0.05690919048137375,0.06381944062387349,0.05245883733091321,0.049805749447462286,0.053196454911115604,0.04022425980157525,0.040307073079527626,2.0
795,0.5973837739940374,0.3524386341600071,0.340742147416076,0.3301242778166983,0.2084784227073417,0.1487842814452192,0.16288654643081957,0.157400299014513,0.19381175742225767,0.15685620449626642,0.1412490597727248,0.13020602469617257,0.11049356484621418,0.12523029736897034,0.09637970724183786,0.10240446615141457,0.08950866190177743,0.08971899274877575,0.08840471164893304,0.07943455476259244,2.0
796,0.4309269899531423,0.5085107936074637,0.4322745050042603,0.25066431994753396,0.21640066901338317,0.2286268057848332,0.18548814674334707,0.18781434331405836,0.17533473376404765,0.12088903073368154,0.15810551506132203,0.10126509627805132,0.10465323902882373,0.09167111506774424,0.10042742309016794,0.08973402509957237,0.07141090683722491,0.07838331990838608,0.05628573857659218,0.06878665373733994,2.0
797,0.5878676699304735,0.46993851561100214,0.34486435451054465,0.25660095844158254,0.19337439982261298,0.17700878924913638,0.14994374368749774,0.13728007106675405,0.15009203840826685,0.15508417385691822,0.13814817650531686,0.13324743156134042,0.11163353149732236,0.10181051333883805,0.06917274700667632,0.08216157600368827,0.08823373771787914,0.07511587419914655,0.06131574385821881,0.0614057043893142,2.0
798,0.7256534870231506,0.3504053100000376,0.3217324909533331,0.24191839077134894,0.2007686777890431,0.1395019100905251,0.12314165571372339,0.10022981394753543,0.11369865343964164,0.12369960661668525,0.12734462603776114,0.07824451637275914,0.09658989508001768,0.08383069205015131,0.09549730218991845,0.09600725710866949,0.08252296338920759,0.07183720099281972,0.053053664712861485,0.05983840171316789,2.0
799,0.45170005733874846,0.3764274156802849,0.3433571952062795,0.3242828630174593,0.2632111611685556,0.2391261922612704,0.1703511835893751,0.18600748887880778,0.20057065886670347,0.22168876789377054,0.1682410397545844,0.14000997261102058,0.16323742856911783,0.11399484668332167,0.13605740688830362,0.10233152563923693,0.11084765149222145,0.0900215113218527,0.09194182135392652,0.07990496418676359,2.0
800,0.4819594637608702,0.3733422508441982,0.3573017424867789,0.2903565766134061,0.22581366499564184,0.19692432400302676,0.24193472933424795,0.2042576041430536,0.251031196254261,0.19437254216714428,0.16308244270495834,0.15827469198099442,0.12256428621957599,0.10096090112812672,0.07421756560535599,0.10067393466423254,0.09974776098549533,0.09114386826936013,0.0924076803869228,0.07896756086466716,2.0
801,0.8061775033472135,0.38613148830443844,0.241236894986945,0.15549813665971668,0.1205445320382764,0.11383644117421086,0.12385616165399428,0.11061867336558669,0.12422616618317858,0.09777123056387722,0.08864548805148159,0.06793280612774841,0.07317663100893484,0.0625564066961974,0.06196526257445387,0.06380450004419509,0.04959566660347315,0.04674058754930225,0.04763302004396799,0.04452467195512414,2.0
802,0.6621456606201583,0.4508793038203424,0.27402981573392865,0.2738300553139912,0.19278073489280462,0.13860440312445005,0.14539044867849327,0.1277830565400099,0.16035557801231975,0.1570094135894929,0.10072329703083802,0.09830738761971455,0.08533291305076542,0.08423326618914143,0.07994094134064017,0.08875436480085436,0.07702513649211747,0.04948228118750877,0.06696586289239774,0.051645197781855,2.0
803,0.723589550953945,0.4654661486472607,0.244698142140581,0.24794279968760002,0.1439447876719396,0.10975050016326515,0.11612059189202766,0.12544619860039297,0.11829746835360556,0.14486205411644376,0.08795337801686696,0.08302032163507474,0.06479292090324583,0.0585090359693934,0.06630957106006267,0.06085608676083027,0.05875609187645298,0.04990072497956609,0.054432997209946606,0.046754232106385414,2.0
804,0.7834535955393097,0.4107672619642175,0.2603358046393197,0.23399617442594894,0.13725515985613204,0.1171398523539922,0.09711757507648379,0.08008341584070516,0.10002550813661595,0.074593846568013,0.07069932775300512,0.06460888590266994,0.06568007895102479,0.052398484720280546,0.052450817658987944,0.055247395253799444,0.0505407842764557,0.05005568170030119,0.0475866681446655,0.04008193045829855,2.0
805,0.8134525746087972,0.3571632680542551,0.24057319220001394,0.15638491744838579,0.11289697838264273,0.1530572806279227,0.11882044753695072,0.11947834131769183,0.10914366777258988,0.08605891445821354,0.09029725820261482,0.09152468706520402,0.08387297666203203,0.0618895534916311,0.06513498470241773,0.05844515013354116,0.05451965985183043,0.056196457224168266,0.038372910904265325,0.043090875072576175,2.0
806,0.5955199352258743,0.5062979854705016,0.3198255428835338,0.29253974047012027,0.17745702857806409,0.20773673580142668,0.1304841824722418,0.10586059336228272,0.12016612170534778,0.1194167762481494,0.11754434358923432,0.11898781648941618,0.07334811929498478,0.07275759023986948,0.08192769349648323,0.0846624420892782,0.078247019180064,0.05724343488108336,0.07341793514012968,0.0474785997773911,2.0
807,0.5982506861016925,0.41393673052059893,0.29988933578784344,0.24371846329323282,0.22774324064217596,0.21204913855732913,0.14930954906465282,0.13486507569433123,0.1718749337838038,0.1903878775825387,0.18424244265960937,0.12789788062028448,0.09905762475135955,0.09937771762540179,0.08803351765382553,0.10981562895656907,0.09938136426143661,0.07680377391142988,0.08637661438455224,0.07266809654208845,2.0
808,0.5101957238776904,0.3598361722672937,0.30189567031034287,0.29574673456997835,0.24449080962491607,0.25307817315265574,0.1996945129956129,0.1865645072534509,0.22970186798418238,0.20816358122620088,0.16357126376063405,0.1827768910774657,0.1154879064484876,0.11048065987575222,0.11777489680442026,0.09373055481954429,0.08686995272615207,0.09969841119117527,0.08379089020908448,0.06432548504001795,2.0
809,0.5609357581302105,0.37694196601800417,0.26144940934150773,0.25444043797685584,0.2209143333987321,0.24042175240201563,0.26767461817659094,0.1880082164212262,0.20571996727361153,0.15487541445162192,0.16524513472202604,0.12561787438378105,0.1218322471293142,0.12588360958270745,0.09832990844570139,0.11778998146740402,0.10236531370822728,0.08645363224173155,0.09270381289488651,0.07996704327491734,2.0
810,0.4929648369269814,0.38939271507463846,0.32759734533308627,0.3507923655699947,0.25027034098545886,0.254769676532305,0.16390219131541203,0.19501756204468546,0.15367163072483137,0.19185444779348362,0.15512014212311057,0.14625359890609813,0.10234494753366918,0.12177182427161769,0.09769378985817136,0.12333170372102696,0.09881735812700149,0.06487297063439121,0.08163953754948321,0.0772887981890749,2.0
811,0.5911997940717992,0.3415422280199787,0.3076852258465301,0.23667232616338377,0.22695270680588525,0.20257357160062522,0.23295461913846113,0.20943618437176342,0.1914794057939788,0.1848616890603406,0.1544931021033549,0.1598305608758586,0.11073609274057207,0.11153611313674118,0.09152633239808193,0.10074524292614208,0.09638652939000589,0.09211134400922195,0.08360583624654519,0.06501058590041234,2.0
812,0.4903796479470939,0.2629349656450828,0.38661756009984866,0.27943364227609585,0.2547947647270808,0.2331266794721932,0.20257136659298658,0.24769151607219256,0.19859815121341398,0.20497935318066118,0.1732116677996714,0.16916556879467187,0.15416390352647302,0.1338040219042945,0.1287007066906941,0.1345622335481255,0.06110082284750461,0.08847806258917086,0.0651836122539724,0.09462311623123754,2.0
813,0.5802072718558042,0.40456556877328936,0.3640181653711115,0.25555299592734376,0.23601596977449218,0.2093753013440941,0.22717482011332424,0.17257789966114748,0.16954500252705804,0.15552229597469916,0.12058480958062211,0.08544082177771767,0.09713400983568678,0.07249366855791153,0.07331200325174703,0.0732452145438854,0.07055209815983735,0.08129852427462231,0.0709072131851515,0.06417410141274216,2.0
814,0.6902113152961081,0.30964723398037375,0.32028915695928944,0.2624730439532237,0.20277328994405547,0.1325233491053379,0.1834174428679372,0.1254974456297995,0.1486151434736557,0.13649954379932505,0.14811920274546142,0.09949945484681055,0.134316834484117,0.09455650372656585,0.10839249781494166,0.08937572712516006,0.0962338853546843,0.09038930537385699,0.08291938631479044,0.06778597912133559,2.0
815,0.44963627230392217,0.3262927321807778,0.35971861066615995,0.3073684826897177,0.3336115588955695,0.24040584979974808,0.20627645261266825,0.2410043638010239,0.15332103047731532,0.19673034003886106,0.1621445214771744,0.18000728434416746,0.15496512952330743,0.09016376900304097,0.1019306200644293,0.10321549260122366,0.08959869387989966,0.08612424861929847,0.06212890259454776,0.06608144650254331,2.0
816,0.5485114634938014,0.32946413924967555,0.4009172589605393,0.289345473672424,0.2667109592441671,0.214125495670937,0.15269922325390045,0.17039658821249132,0.140677477439562,0.22028086468720853,0.14928118881050068,0.12835530297384395,0.12395462179495553,0.10027145293651414,0.08958375666337294,0.10234061947844546,0.09443098794171956,0.07560082862499509,0.07382259347587854,0.07564644308509405,2.0
817,0.7988306795781455,0.42103900527382965,0.2862014249361569,0.16720304151331755,0.09144134665259977,0.08999348176324509,0.1035943700460561,0.07789982083350154,0.08768564673030563,0.0727769216005393,0.07015497743555842,0.05239493818488027,0.06714670986655252,0.05672895115950719,0.07017934546327381,0.04747016725905081,0.05000845443092433,0.03813401050961203,0.03018486250048074,0.03229979922007986,2.0
818,0.6553242930922124,0.41958681199852715,0.28497555609512454,0.27437054851391585,0.18123735511733113,0.15197861848791436,0.1496229907417642,0.09988233733641667,0.12656042215933416,0.1591304133420864,0.14116082720392584,0.11089818381177656,0.11847124959463268,0.12212480494206115,0.10749941411098057,0.08824851314715798,0.0939165445806661,0.08412909760863668,0.07296365300825415,0.08135324960536965,2.0
819,0.5320688114683678,0.3604576953487371,0.3235692552710039,0.3936506586942155,0.22834371174444348,0.20315491440917993,0.1875065740262398,0.13076900995683594,0.13181217326714662,0.2024239841003709,0.1710907347612079,0.13247079960532265,0.12183433387277252,0.09413784778147309,0.1280757536869731,0.10121198939147422,0.09750945183265089,0.07691104074674632,0.07025880902564657,0.07589551656366067,2.0
820,0.9672607012746166,0.18971317789643188,0.05374772601505134,0.04560806785140148,0.050434892601769914,0.0410592051459712,0.035097498362361854,0.03484981861607169,0.03715267484635965,0.0463849418677853,0.046351011216801234,0.034512967826770255,0.028713345077488853,0.036913748601721134,0.03720992748949246,0.029589194350627346,0.0368292644396447,0.040031517401683266,0.034285683086957085,0.03630152122445342,2.0
821,0.7811510637125629,0.40151425217049247,0.13953276673765505,0.11149121551062041,0.11883987954365915,0.120786295205752,0.1308079571456584,0.1467222920088464,0.11515956593529601,0.0896938647916513,0.08848748349660689,0.11647957370919396,0.12180049039534362,0.1082201628066542,0.10995324133933355,0.09653357592330684,0.09064631956041352,0.10740792808360608,0.09267929091010614,0.101670636898709,3.0
822,0.6699634563282622,0.2779486926089533,0.22497825283568523,0.16761876823703542,0.1521135510619986,0.17463570095854267,0.17114630776104392,0.20050557403957517,0.17630578603651464,0.16158610187979983,0.17522407185014835,0.17786883248925003,0.18355748724988297,0.16887532227236357,0.10101235087219071,0.11259222095674368,0.11479867467122369,0.1048904636997436,0.1381575248458089,0.15542506349683527,3.0
823,0.47436744200199266,0.2602764694658137,0.19557290827738466,0.19257697278139693,0.2111147938639031,0.2091740440960548,0.15254468510846958,0.2429090840716026,0.2953099811852557,0.25911848155400113,0.22391873670231283,0.19206015512184985,0.21859334681141127,0.14244704656118934,0.14913553949233688,0.1371827907400113,0.1481115609920066,0.1643659703810063,0.18357237900531895,0.167735668861152,3.0
824,0.5776547288732146,0.3339352736338581,0.2127430981220648,0.2685453174801119,0.20394484830345613,0.18014874523539987,0.190124053032148,0.18864796937895972,0.1661423829692893,0.2569203148109662,0.1943937202828497,0.1443671309955915,0.1588966721758202,0.10350613052675676,0.14649696738635504,0.16060121332489977,0.10383810178720732,0.1292705432000878,0.1163164272785546,0.12313856109030528,3.0
825,0.6050902085446694,0.37480570540800023,0.2911911673565048,0.24505546683036575,0.2006825186109034,0.18303552030397913,0.2025306720931988,0.20363027000890338,0.18553118992381087,0.16370720531827543,0.16314896801925474,0.11442661912840112,0.13948398739453596,0.11971264135494396,0.08551283380501051,0.10246748401380529,0.1089028199962665,0.0984951259340444,0.10042049546848442,0.09002989684518642,3.0
826,0.5501960693681133,0.41266612492358634,0.30156887055540066,0.2809858926768453,0.1740238584170227,0.17742014581453333,0.20892366245320107,0.16376261771504938,0.18453527039688353,0.19654937415325352,0.16608152287747951,0.14127801332447656,0.1278123452006587,0.11949414014126099,0.10643180807153155,0.118409856330352,0.1217094537893365,0.1099112363673877,0.09946867128548781,0.1090227845414632,1.0
827,0.5573299208084945,0.42232605144582724,0.23480722126654846,0.2787347181299055,0.2769228636262902,0.20580574564861887,0.17583993043173615,0.15945782626869018,0.26636618363534575,0.19171667522565214,0.12754464117569525,0.1266428192029677,0.09899453563298131,0.10272615687007096,0.09727706688313217,0.09899810593225424,0.0862021211407944,0.07254054071464221,0.06410125116557146,0.07986005145644676,1.0
828,0.5256139929170203,0.5166265058586254,0.33556324346505806,0.27974964107584405,0.21274153090620682,0.1758104629149369,0.13679500308041112,0.17120445362189327,0.19918162277886234,0.1598550404626276,0.12263639262822713,0.12224044655427019,0.08351869760909458,0.1014914674880699,0.07003704960341706,0.08074087094957871,0.08877439258166725,0.058574128855661364,0.05926413288611251,0.05512463726721747,1.0
829,0.772591744791974,0.3088122282509272,0.2705354104236436,0.17399690283550936,0.2089949211564101,0.14929569035862683,0.11378149304233293,0.12822791425057886,0.11840017438964502,0.1522282958441534,0.11765997754517638,0.07513381898839709,0.07570705751353835,0.07296226122065716,0.07520786702601243,0.09828650188802183,0.09177861103783835,0.07112067396740834,0.07870079049119318,0.07866487335252137,2.0
830,0.8998192741474133,0.2452523358719299,0.1126379072623047,0.08755438020977872,0.07780548489105525,0.08885571293568434,0.10053655279552956,0.16443286035780913,0.11846004194398786,0.09442895567632857,0.06654995909319149,0.05690706978688728,0.05982163123284841,0.06065076021228966,0.07282446180330769,0.05636328377622045,0.051908674789087894,0.06289756173294095,0.059806053159272045,0.04633616136388393,3.0
831,0.465191245306109,0.2970330323494888,0.37521731594976543,0.2011537163717437,0.20210615067222767,0.23169072442966726,0.2168501138354316,0.18324456646614862,0.24420769052805538,0.25402063018613447,0.1859072648253037,0.17086820723930568,0.1607408376654418,0.16268076096623077,0.13498677629126452,0.1416409858391144,0.12314725919413859,0.11923338109371671,0.12504716371489996,0.12434380935001701,1.0
832,0.4394286909234943,0.37424817976350616,0.30174212650409504,0.3120396496928804,0.2531409082393511,0.24572593881258203,0.2065314397158644,0.21557075035002318,0.21407615629569723,0.21286878775194462,0.15986670759751387,0.145241711894503,0.13884029694087008,0.13686822173805016,0.13839559046000358,0.1332198141909285,0.13434158584660258,0.12529604861028817,0.09721781348235205,0.0945168206463139,1.0
833,0.48179579286446045,0.441360056482743,0.28431910106591973,0.30761437158564253,0.18678780163660255,0.20485277494360582,0.15500212852727782,0.17991356400501163,0.17518988612182668,0.18145977732930405,0.1984771015110119,0.18253623954159015,0.1367922660251834,0.13887579343109555,0.13500742489706702,0.1402521502903276,0.10960661520138791,0.11362047854327054,0.10814915353547608,0.12455416647727398,1.0
834,0.46668393759224647,0.4309602482719589,0.2405527387729905,0.2427354437575663,0.21892294731156703,0.18498463932133835,0.20988932785570427,0.26952833020205974,0.2372924871836009,0.23044503036565595,0.1717107191740681,0.16394216043955312,0.14907360765647973,0.11450288746594603,0.12682168260805549,0.13890352597460906,0.15147903972254043,0.10355433595413151,0.078800405068247,0.06695298980859798,1.0
835,0.5317654763874717,0.40326287289141044,0.27920383089279893,0.30356980676578005,0.1709449683294571,0.20200124795933108,0.20038563697389639,0.20678366641871587,0.19380131474308335,0.2624892240660751,0.16209407419332858,0.1367317882500715,0.12757569082482306,0.12336600340685709,0.08054118611105575,0.10519926561133042,0.08913450216029065,0.09104796483025794,0.09992494978410178,0.06969043103642865,1.0
836,0.47223907159644674,0.39554843911352583,0.3152145042999516,0.24947313824699835,0.2202890057058506,0.25363355355514045,0.2601749155695375,0.21760667627401342,0.20957345355232437,0.19724139315242833,0.17513778751306588,0.14590650231314983,0.11222416596286544,0.1042572174017267,0.14625541632293257,0.12755279329355082,0.09706578347549842,0.09546094701046255,0.08898528340381258,0.09311014797488197,1.0
837,0.4442530794384175,0.4124433134875238,0.37310860621670944,0.2654318980126857,0.19983471395782182,0.24211943328283214,0.21257767355289747,0.2210830222880562,0.2664142850376934,0.22678752237631541,0.15168989121451468,0.12755695164945938,0.10731342267154925,0.09434902084886322,0.10702578227170217,0.08836695806942993,0.09886274799995026,0.08887105495338392,0.07000678255114175,0.07936708277428657,1.0
838,0.5077452082097068,0.3124056111744471,0.34780610591784733,0.238778435940579,0.24779550212793244,0.25657681953024053,0.1930686195873434,0.23106496281431785,0.17700500049300605,0.19583955704990144,0.2012123311695708,0.1688970972434365,0.16645765018070602,0.13243060082883495,0.11140501878007597,0.09940409105710758,0.10792812260550402,0.10527895117506715,0.10629217637541268,0.0919106193259557,1.0
839,0.38164746886843715,0.3271464890648137,0.25183660862122187,0.2950193465029715,0.2606000546007754,0.22497302574979852,0.22559606942792432,0.22416174966140678,0.2912205554070656,0.22331663320752768,0.2791032419410843,0.1550921398199095,0.15250375492053028,0.15223046078692437,0.1263918125714434,0.17490437145726265,0.1479007800400582,0.11351506514248756,0.08716582643508278,0.07215893999144692,1.0
840,0.33365784719727937,0.27484880984285504,0.29459022416787306,0.3291941116642689,0.2513779026083226,0.23844776139006663,0.28662804889734905,0.27276361849488884,0.28414179549718455,0.28353371726116716,0.19800239703576727,0.15224130356260152,0.15322455130046064,0.11597516083035644,0.11101445070849612,0.13044782760279394,0.13536024884321027,0.11811772935990043,0.10811083696324617,0.08736881021445418,1.0
841,0.4595287784777981,0.30128114019128543,0.2550713803743943,0.2525378740469758,0.26166845766019003,0.2118108220435096,0.2826890194709212,0.20592630643898513,0.2938007497498998,0.2290338081107461,0.17969500301023394,0.1741436065767942,0.14118736949327076,0.14442692614077046,0.13987728025009238,0.13665271869887002,0.11851275965371617,0.13644017345371218,0.10190554270905232,0.10051387051147304,3.0
842,0.5370235580824347,0.4335156763842974,0.27960093781681833,0.25092021258588654,0.24999748112573436,0.2282817818396539,0.19428405687723724,0.20183462355209622,0.2207226585561215,0.17307080066602323,0.13102216517555978,0.1331694504346587,0.09589259157175184,0.090194857629696,0.1058201501155253,0.11755586354974698,0.09499716975091824,0.10312327244598553,0.09082916618685632,0.0748858887514952,1.0
843,0.5301522581521078,0.4205410167959654,0.310718229608471,0.22904910671643827,0.19589515987612993,0.22622581496135877,0.19470395620324762,0.17099077763285753,0.24287399182890035,0.1811689715341428,0.16720627733822602,0.1795442129261702,0.10638258243581557,0.11498818733658821,0.10240344971747256,0.10837214235601764,0.11719863124801685,0.09097958870373715,0.09693143108856009,0.07868257519647959,1.0
844,0.3790371799569154,0.44473356274135123,0.43203758451060664,0.293870816235173,0.28129560547769344,0.23039055085593693,0.1816849586626397,0.17038483772837282,0.1983192992641015,0.18337619182864617,0.17776764505960635,0.13246234589793301,0.0936188697304671,0.10339024036103336,0.09462803625474658,0.09288713925702517,0.12226416716726245,0.06704827920190529,0.08821986112391798,0.07007609456441441,1.0
845,0.6124890607173689,0.3994740057774632,0.3073717253541605,0.26766556350815535,0.1940372239205483,0.19120346788325635,0.17256465643912144,0.1386249127392977,0.20941688833939967,0.17181465967333565,0.15242731993108521,0.1265197812495061,0.10276414256604292,0.09821468750149988,0.08839566681773386,0.09572268878286025,0.09487604317942458,0.07175619889432916,0.08833034289289117,0.06479090183630609,1.0
846,0.46181335471561114,0.2915824099846572,0.31805862743577074,0.34122417684158524,0.2528541440722942,0.22723520940264222,0.22071410177053294,0.17555558372653135,0.2678241341804572,0.17033631670419208,0.2238647476914986,0.13083087232633214,0.14615193882953156,0.11106460726807006,0.14511439136533816,0.15101808292559152,0.12120250859573042,0.10806489299583731,0.08991303597581668,0.09496410133036533,1.0
847,0.46069510892543636,0.33152159939334647,0.39839840582878333,0.29362861648565136,0.21096453213414107,0.23172259539602144,0.24387103027328103,0.19689299317412806,0.18631067478076302,0.18889896286967353,0.16298764070388475,0.18478925357269488,0.1371736563648217,0.10001174935903033,0.14794909168773354,0.1304059284210755,0.1027530496204635,0.10730094605339985,0.09334958972013475,0.08286803575331496,1.0
848,0.4143170362631195,0.2780164831569171,0.2397261885435396,0.24584579546804225,0.21335010491726955,0.2912234087495625,0.24428709057146744,0.35754645411616903,0.29588499717369904,0.24263232078407976,0.18972369770178796,0.15356639305477643,0.13833468311471556,0.12484068669537678,0.1504292552522459,0.10757550978717709,0.12715442362413396,0.10507400281617532,0.08614589662805816,0.07579777327074055,3.0
849,0.4385718940632913,0.40752686084921275,0.3870914465500633,0.33368542095240733,0.2635055576096503,0.19811618005823806,0.21152516285001988,0.14034452893152408,0.1617589382232657,0.21108222542360983,0.1887958871747546,0.1464391112656829,0.1260673648545712,0.13508161514795788,0.11678509027477728,0.09976349785708677,0.08188610879613535,0.07779754914570863,0.06811859083596614,0.06577757995545151,1.0
850,0.3532903038316385,0.42375956881157734,0.43482314855868515,0.32422833021968817,0.2475850391595241,0.28236077159482464,0.1625129048112772,0.18885232476856773,0.18791242565090477,0.15151830948774256,0.1485760705775856,0.1257836358182809,0.14450285078730699,0.14026370968348198,0.15157844034950022,0.08844802006187079,0.1052527348023211,0.09793298712711397,0.0732377076969495,0.06902846590019178,1.0
851,0.3977982780617835,0.358521579937621,0.405461373573636,0.3220025855686891,0.23714026515573244,0.2384588929349727,0.23219703395447358,0.2054304771722005,0.18482904247505694,0.19320572639689187,0.13773384492683796,0.16553065121468097,0.17219361193694752,0.1418938820879058,0.14724997939568243,0.11656387454600403,0.11546405360580078,0.09341700128370277,0.06729494348658088,0.08010110583551425,1.0
852,0.5253853160510529,0.4768518592531389,0.27982051764250104,0.30228828943150665,0.18531455487475948,0.19269813026600352,0.17359676722655382,0.14764723638005678,0.16714925779487577,0.17236410561182058,0.18045606897470712,0.14644117166927104,0.13984682505595236,0.17334752640273635,0.1234565090865268,0.09010604256211349,0.07117550244239647,0.06817158580996986,0.06163201278984937,0.07320276811749203,1.0
853,0.5798663970953856,0.40791257925064445,0.3459110230384344,0.21909461306089492,0.20124966612179582,0.2294377753537044,0.2168531267232497,0.2047537783394415,0.17638790978322585,0.13479795356932542,0.14176722875037032,0.1274058400188079,0.11867532642137395,0.10393477596761759,0.0819631167335548,0.08826699362948336,0.07211931553757976,0.0746560506243889,0.08114596155606837,0.07242128413616265,1.0
854,0.5037654957210621,0.48900561223445677,0.28358506164560116,0.29132266174320287,0.25233174301642985,0.23833628943629956,0.18737759366850903,0.11871787430624843,0.1589211514723414,0.18505392662359005,0.15291442122369225,0.13593873753604246,0.09241654034412386,0.11364798102510341,0.09782305294508757,0.10479942504416236,0.08503866937858483,0.10673957838519048,0.06416701898427903,0.07752642629639067,1.0
855,0.35044913295243135,0.42586751380594695,0.48860505064411114,0.3172413730962684,0.25930363370612014,0.1993492238734228,0.19928416271996557,0.1873479955324512,0.16622228428732982,0.1759255984590921,0.14549148453441813,0.13331932401152405,0.12649780045753484,0.13001829913812943,0.1329558691253529,0.10386530769090249,0.06983509685005043,0.06823412101407382,0.05756963010293295,0.05397269375293017,1.0
856,0.49387377734666044,0.35610701911428455,0.43904943151956766,0.30806751519472936,0.23707159703925917,0.2198230055656216,0.17476231418663035,0.19155287687171013,0.17656079590161997,0.1701146604742582,0.14253685717028397,0.13769574510573437,0.1365279063079282,0.10744750939755475,0.11144136856164241,0.07865473266874547,0.08109152568136012,0.08374172160682594,0.06462585974646141,0.06246468784131276,1.0
857,0.3937963510604422,0.3764200721262618,0.378509609404464,0.3602738052120991,0.22647882197129154,0.22290659643813182,0.1918995704977153,0.19441007020249332,0.24962211521792646,0.20650275559248293,0.2018822033480035,0.136440842530743,0.1271640261248778,0.16322312021762406,0.10877388471473419,0.09442841484483765,0.09019447767909909,0.07638286877017339,0.08442785860981539,0.07469518164456336,1.0
858,0.2427456498330855,0.4951068463908381,0.4863499186114302,0.3756672070857815,0.25549200662967636,0.21022273047773166,0.1983546870757068,0.1621486457677562,0.15985392096378678,0.14580186202451673,0.12362247994493751,0.15070950102847128,0.11108892548652474,0.09262837798353177,0.10552548856774836,0.08470420920794883,0.0772277462280192,0.06730949073682381,0.07015250751749065,0.06099626861577194,1.0
859,0.3836732848549684,0.4600700644556407,0.39339011067553475,0.3363794846240985,0.24612958224927606,0.18507620800993063,0.22307193859219232,0.18561687306844296,0.1984488199113165,0.16886787153949742,0.16566960165459238,0.11567472611059847,0.11571620860790065,0.15023836814464736,0.12294056579243548,0.09906250276567435,0.08984193300930361,0.08948500338674707,0.061199691491081384,0.06882048635000285,1.0
860,0.387116658779075,0.4532246219154042,0.37089121002881287,0.25738334016749104,0.2858045357916261,0.24726154713995424,0.2053613006064935,0.18326434050868204,0.2259447003885599,0.17744395516164352,0.1590971314303979,0.13942525265333722,0.11170161019264166,0.13740843855118914,0.14357766191987886,0.1084903044720764,0.10277094546371159,0.08469513007676446,0.08772229034276302,0.07666849354412054,1.0
861,0.6233389401388487,0.46083723557332734,0.28253338092744895,0.19248249733577427,0.18872998607046002,0.20408800247163852,0.1597124428061862,0.1882833751119077,0.1661718824266104,0.1424741709707314,0.12778702696899108,0.09369717146621977,0.08688286929535426,0.08505472164601874,0.09486729589824912,0.09109085833273134,0.08367944545623221,0.085832536917985,0.11086786524292952,0.11050456181762527,1.0
862,0.8228014667047209,0.4042047475257703,0.17084754390578924,0.1279915127048321,0.12563655353192274,0.10130870727371023,0.1142512817938828,0.10335073516361644,0.08342479820185898,0.07947561134398455,0.08937533923228644,0.07879554353814096,0.07522242656748473,0.06394479182775188,0.06625980266931927,0.04633086569047718,0.05457866505412157,0.07638545286870135,0.0922431096676279,0.05642208597474025,1.0
863,0.543047687582306,0.44654576803647483,0.3044654776218864,0.28853593317086335,0.21865008688688742,0.18703687573089361,0.2022805880739978,0.19089808064892327,0.15234365973367947,0.1574242401867397,0.1580596255123966,0.1679837396978289,0.11979010366336278,0.11246671399930029,0.0793335905990435,0.10496867215894495,0.09384304462668439,0.08105161099879561,0.07094796178361258,0.060672711522598746,1.0
864,0.4487081694652725,0.38037035758362936,0.30110878093144133,0.26801966492417956,0.21306872149259248,0.2812671036140531,0.22760063150763424,0.20424456507326097,0.25956301582663427,0.22705804050898476,0.18200770340369488,0.1392905108776394,0.14911546486967275,0.12847386378178613,0.12159552926715088,0.10024573074047206,0.12202512129183711,0.0999265489704355,0.08385714334104025,0.08069023070989478,1.0
865,0.341197358580887,0.45510425544438,0.39964579212907975,0.28717516523099823,0.26131815503097067,0.19680866595588511,0.22458223536242827,0.22878491495737688,0.21351473605284885,0.16473429912173787,0.1824836997289749,0.14334405629561126,0.12114109221432628,0.19645283834516022,0.09357102729601388,0.10011664886418456,0.09069707814208179,0.08563549986492512,0.07328604463748375,0.07018433599768197,1.0
866,0.42058180333911654,0.42942780616014364,0.5340309739939798,0.3648362108870671,0.23821138195484012,0.15347926121661384,0.16344706831084885,0.10986504583707885,0.14447250578701132,0.10697043386292734,0.11791351455239654,0.10557853875721514,0.12194329904967954,0.08538824582212695,0.07598298910709043,0.06708448025699738,0.05873859096883424,0.0594355106302251,0.04981815854276823,0.04535667898893609,1.0
867,0.37440054107097837,0.5390088733775955,0.3159363426176296,0.20729936563468174,0.1957389358048722,0.22677722295022862,0.20627264482354743,0.18135128210536913,0.2328826893283397,0.2000256500443371,0.15904534549349153,0.19449616731724104,0.16690930346592156,0.12254454969275258,0.09867112109633268,0.12557471066880183,0.1087711001009732,0.09946875747008965,0.08042253090438754,0.08592962171218234,1.0
868,0.46532204582461617,0.3567844443792265,0.3378416266981552,0.2674571574965816,0.2558435919817941,0.23857206434356837,0.2050538167168755,0.19851699604531176,0.20406818984671382,0.19534772885904944,0.22335288096021444,0.16158544679528583,0.12443940021672766,0.14566597107674709,0.1437964071650583,0.10201240013212955,0.10911943054861271,0.0927186272178265,0.09977626287016653,0.1123993741710507,1.0
869,0.386052261409197,0.43820308549609066,0.3310712468813101,0.28665373378260356,0.2923422208869553,0.2148361655220147,0.2254334268283874,0.20488321551412225,0.19001260100771217,0.2020398040590035,0.22529726982484086,0.15395176646921047,0.12378790671779409,0.13026436471534847,0.1252380204936411,0.09175327995313713,0.1105435800176959,0.0882536219622254,0.09399796868801039,0.07824770150045633,1.0
870,0.5783885035211428,0.5301849351578771,0.3712908137909716,0.20046486575407968,0.16960925270979157,0.1829346413745625,0.1710525459280236,0.10283814391808066,0.1213135289157502,0.11822470305281504,0.12050723095941726,0.11572821700938644,0.09321845365999844,0.09287038346740664,0.08589391999974466,0.08314257877476977,0.08082547572874063,0.06822685490434732,0.043879914640209614,0.05416075939763616,1.0
871,0.4193220364245217,0.5673698649811638,0.2554521912639248,0.29346594298693135,0.21424265765554187,0.16037318633060496,0.21929649013872357,0.16266848834584688,0.20826984245629312,0.18460307836197487,0.19959689446533319,0.13991251751970807,0.1041385960807251,0.125125958828959,0.10137303901964674,0.08482366337904443,0.09281843025060985,0.07624961630191422,0.07264954105533326,0.06451158265225425,1.0
872,0.4059022363547553,0.4177479290674355,0.24143071232900157,0.24095490451264492,0.2272027957988457,0.24444537707797942,0.24428395737984906,0.20366125195479937,0.2919409991670141,0.23427947450980693,0.20131173210009637,0.1178388418531089,0.1637021792861396,0.137301042714232,0.15131177513900598,0.1384522380814625,0.1230975369557018,0.10383314139745292,0.11725502658906461,0.09964251334205644,1.0
873,0.4783498099711251,0.3308828258295658,0.3418569120773401,0.29312094916456627,0.26716859441751245,0.2501443185964656,0.18537497034284822,0.22333535771341642,0.21218202669864394,0.21525136935956163,0.15728500518354369,0.15985342724919727,0.14514311727776572,0.11522256887767132,0.13210738563963165,0.104160466428978,0.12382398002264361,0.0923616752295272,0.08875507417606379,0.06846218897133931,1.0
874,0.4087596686209813,0.37045040636606147,0.2807989622455183,0.3113298575879442,0.25802511705728426,0.25995357112085016,0.2845370833114754,0.24922954887386065,0.20191195348411778,0.23395349478610736,0.16671544879011735,0.13776991579949635,0.12613469409553132,0.12340218026892294,0.12907789663803063,0.09410112312633218,0.11876056409561063,0.09522007791657791,0.11448537587529559,0.08642260724506594,1.0
875,0.42642680288745466,0.40735527382331327,0.32003200642051416,0.3364066193309611,0.2537973433669282,0.19606143559863853,0.18110578290887788,0.22152755710529073,0.19360706477432651,0.1899596479636943,0.18338344224635675,0.16599587614696862,0.14518385456893224,0.14771005402462067,0.1784276231514847,0.10632123207672915,0.10989593867495948,0.08497929087430207,0.07408750543570948,0.07954717584223199,1.0
876,0.33483216661424203,0.44481293929282767,0.4194637827363199,0.34379015410935426,0.2764837859723046,0.20597909527668645,0.2217622163894128,0.1442637702169031,0.15196874156145518,0.16454271912771842,0.1558618960158356,0.15321674726847978,0.19875293759035265,0.16654812931966373,0.10702500300154003,0.09393764186715842,0.07720743257514745,0.08032400329957991,0.08128345327709599,0.050492228096879845,1.0
877,0.46929430271912903,0.4574821530920654,0.3394198297474736,0.2197288234711933,0.22145379665731044,0.25006878557756024,0.22918152180296666,0.21084429855622527,0.196903800308502,0.183034678202942,0.1565943603718826,0.13607532773508177,0.13403270932859146,0.11193456717106282,0.10892304397709231,0.09399083453973302,0.1129388469873745,0.09317475367579414,0.071368333711972,0.07346308026543283,1.0
878,0.5235390980382477,0.5344432131013113,0.33400819286742245,0.20080820857562343,0.20830905379157855,0.20922146298786543,0.1844920129427634,0.145022822890583,0.1936667831098587,0.15775616772120207,0.11298337863870715,0.12698247963973613,0.10953455805464958,0.10719078629084569,0.0998112277835992,0.08063592222231507,0.0773951075978868,0.06507146345417564,0.04999841730905899,0.04686969692827763,1.0
879,0.4955610804557104,0.48551977594120044,0.3273574111941963,0.27218868543420366,0.2212707182741732,0.2000728129765147,0.21938987083233383,0.1749049254095623,0.1674965282889667,0.1923691009016719,0.1287968527403976,0.1064634074294483,0.11021903361618914,0.08311707730843976,0.10832276710698045,0.11390324284731065,0.09656423065621716,0.10318458686874112,0.07896412258790726,0.08228703908423128,1.0
880,0.4499937247229931,0.487294440836971,0.36839498803092613,0.264098961254695,0.248192681988799,0.21886116247179405,0.22225045465327029,0.1438446607554859,0.17627466078658782,0.1615989771819536,0.18525727929555377,0.1297036653540926,0.11658596345729634,0.1022884624199844,0.08545308785555447,0.09289414557737218,0.09495323744813189,0.08300702820387065,0.07649761634382549,0.0701787444955926,1.0
881,0.4539350257794334,0.4157380164871403,0.3841079397309567,0.24913249484626618,0.25787758066855077,0.1889320033984908,0.2198435114055894,0.25881050652829657,0.18529797761142325,0.16053267061912016,0.16037283548448575,0.15567790657950142,0.1484597419744967,0.10952450885064208,0.11426324933844692,0.09660050493647618,0.07747998256269736,0.09543888628489353,0.08629580432701305,0.07032280754235495,1.0
882,0.4449167461264731,0.37806816035749985,0.369119389538902,0.30600136686817847,0.2481449456179781,0.23641356849430795,0.1955867239064509,0.1894642299873013,0.23079828559406843,0.2088390219929126,0.16319395698585928,0.1425291688085717,0.15562858687320327,0.14539156511567602,0.11898034194483913,0.08630294880668943,0.09922058782076235,0.0765916914433695,0.08798626672775378,0.05800816138148464,1.0
883,0.7051668148167647,0.45420291845563876,0.23610863162608786,0.1393584884390231,0.19173714383558285,0.15345803082829412,0.12877240494453665,0.11727352556417812,0.12835494627748548,0.10588707659520508,0.1121621856943392,0.09931559439456855,0.08629054314357351,0.0934098833619785,0.09337817607382004,0.07678467535996625,0.10123757679817484,0.09764107046950944,0.10338404180223759,0.13868870862435756,1.0
884,0.8359722695776256,0.48582368648862484,0.10978853252874737,0.08705833685603898,0.049282392893500074,0.047469959737598766,0.0298783685854554,0.03688928406219004,0.03352600271491086,0.049437342376290126,0.03998489940213353,0.0491468665996209,0.049464869669741944,0.05941154025425913,0.0577656353707041,0.05837226287090333,0.04438219102351974,0.08034507954310954,0.07472809042640606,0.06515369557599744,3.0
885,0.5558057980315206,0.25944898573294034,0.2963285679474425,0.24162465304619676,0.21612286883327503,0.29525201201080414,0.17556378301455428,0.2428566656541661,0.21401819937064662,0.23832560226492253,0.17624352329364548,0.15274613385526606,0.12611687876257538,0.11116163864429947,0.11773321107362798,0.11793847293598003,0.1085324777087671,0.10888292653569923,0.09173735171415143,0.09385442860278356,3.0
886,0.6087070359107019,0.5053933530976247,0.2819824211876251,0.19419331316451566,0.17745158114611834,0.16146217782132702,0.16549186621782505,0.16294201455416993,0.16959506476846958,0.12049221142359343,0.1663960397865003,0.1027315825411243,0.12763109462290817,0.0900663753698666,0.085773319429804,0.08569516768000067,0.07574177889515835,0.08798157873871751,0.07997860248530102,0.06951700738900599,1.0
887,0.4889566300058404,0.2974469854496191,0.29781143796864074,0.3286716464531421,0.2652882020113528,0.21204175925520827,0.23467330667922703,0.22019516467140168,0.20982090170266912,0.21268845606888462,0.17348234721209962,0.1723545498966648,0.146060288469601,0.1275142671747374,0.1297078285679763,0.11240112320407632,0.11416390830608515,0.09443863954666083,0.09754889885233822,0.09617751446612313,1.0
888,0.4586299893166155,0.431239176417941,0.34329792241764406,0.24284886497233582,0.29530108299846414,0.17117452869289235,0.2135482469028196,0.22096823843675822,0.21059433643582864,0.2011179575140999,0.1884221026738654,0.11664216734468642,0.14225824264098189,0.10435545005359109,0.12560263092886992,0.08298895897597384,0.10664384416591695,0.06602381451507368,0.08012010819155999,0.07797674901402532,1.0
889,0.41394809470096255,0.4121684043241239,0.30121765545786583,0.3410976994886432,0.24513932754545098,0.21702816741370173,0.23493966443420067,0.20651193780454907,0.23767023955067573,0.2011297477425198,0.21032805727050977,0.14574726864006785,0.12177849048208078,0.11811739297235267,0.09319883943421223,0.12137759762106322,0.09007639136996658,0.08313484868865384,0.0935951074895362,0.09077543307495059,1.0
890,0.5194870660119664,0.44388951676667093,0.32770231041207387,0.29956890540635056,0.18169346443010262,0.19341286584723,0.20598194962383853,0.21516388532177913,0.19518702218031864,0.21121759753873426,0.16078322605103046,0.10491752106408232,0.11394792744462195,0.09760803987642394,0.09702426485335841,0.08021479713494814,0.0896738542539235,0.05395168344804664,0.06109646519691764,0.06484995182785613,1.0
891,0.5382605381821756,0.39666660428805206,0.2966390056056812,0.2512687827620875,0.22317626267734048,0.2226852198169546,0.17195580590936885,0.26833006634343254,0.18169357133584654,0.20669024833848737,0.20033232295163184,0.12283858647797181,0.12344664564960015,0.10786630517817301,0.10474317566985136,0.09099548331207138,0.08936125050790372,0.08571734801161926,0.06827406622686671,0.06130890411941679,1.0
892,0.32987306248101994,0.542890206471425,0.40925984981364144,0.3127293483604048,0.29338669705142656,0.25255999098798076,0.17876915786242886,0.12109945985576259,0.15639091251202253,0.14388556931314894,0.13675495938352988,0.13041276402042848,0.1078897219945052,0.08552882797761789,0.09599661904137521,0.075345809033995,0.07205545405065812,0.08433962184463119,0.06315698798729517,0.06051991483508569,1.0
893,0.3964129322743117,0.5486400350768742,0.34718568440683806,0.28139359796461544,0.17493593493531015,0.2011049410556646,0.17693231497286932,0.13772657091074897,0.22663985200760312,0.17497766985665558,0.1573668127035217,0.21405426496431929,0.12321144929365636,0.13175490291993183,0.10981670842864952,0.07827375211650094,0.0705478470857317,0.07474707973912562,0.06284631328744723,0.05481033506272461,1.0
894,0.44536650811501244,0.5603973139060813,0.35351950198464727,0.25659163186702705,0.2023448519086572,0.20251456223999056,0.15806950477012724,0.16635560935779653,0.15971575419400585,0.1824188135883232,0.14201727814631532,0.13594070771482947,0.11420927407194684,0.09343236260594989,0.1074997164966386,0.09783657708521985,0.09435860560403028,0.0650651727642568,0.07613306263220458,0.05388071236181436,1.0
895,0.33888685298932864,0.4315081307031621,0.4284299439781,0.3124788683908916,0.2867890547596727,0.2109899170957455,0.21957792500097872,0.17916939669023693,0.22006402539734954,0.1657035499876162,0.16038474043105386,0.15142051094539621,0.13008844919660414,0.12690692300298295,0.12064470485371778,0.11118015945256171,0.0807921341739605,0.08016167280519615,0.08340690500476049,0.07930026636750882,1.0
896,0.3612616399131796,0.40565099236666474,0.4195738748686643,0.3272929353290931,0.2645590860424193,0.25534692027602335,0.1811531235777034,0.1752114175785761,0.22712210923170478,0.2007975762231047,0.1621959651851964,0.14601522307298662,0.1557294894367259,0.16639026822392058,0.08666453915596806,0.0711751302265046,0.08436968756075897,0.0703281954805713,0.06282714518080741,0.05484214990628109,1.0
897,0.6498778911561159,0.3657812611009021,0.2252717122036064,0.2167575853803728,0.17239383626817717,0.18146050660631638,0.18401548428766443,0.2256710164693558,0.1930248807591442,0.19015967536085968,0.16721586115357887,0.12435704659708602,0.1251876479588585,0.1128095303295901,0.10452744838826118,0.10468122318117666,0.09122643930684182,0.09816302297897683,0.08501163703565709,0.07989063830218758,1.0
898,0.5532280718755285,0.5074583859470482,0.2903328435875255,0.26491508642009665,0.17008701984626676,0.21113225124808288,0.15931056196498955,0.2001765310793311,0.16332834022902315,0.13453356876398517,0.16305089839203135,0.11522197746913365,0.10431133692163433,0.08659783753103678,0.09743391481042557,0.09190508472259265,0.09320147479217629,0.07886153857737761,0.056257924926148214,0.06298342508945122,1.0
899,0.41146034709303386,0.38276245083495786,0.19637356601693337,0.1984125167425447,0.2107072428399173,0.1730873529027344,0.26108355486611184,0.37922989344840613,0.32643516146692814,0.23034912947323735,0.17228256240250822,0.14628461264554166,0.1448171539428452,0.1254144897786548,0.12230126659392092,0.115514945622007,0.11864142547234109,0.10624007443587503,0.11462366717802075,0.07564350415980453,3.0
900,0.8603326449493716,0.4349708495470247,0.1323162117045221,0.06398885799948087,0.05983741970177337,0.055292773232251485,0.04777196449748182,0.05845580615206713,0.06349178260752897,0.05481265703974124,0.047801489959902396,0.05122345194563999,0.042884057858884446,0.05504101815703338,0.05426202737656147,0.04061956479403897,0.05284338857740713,0.07089321253705166,0.06849768634072592,0.05264372160285501,3.0
901,0.9173844011242948,0.21510305448178862,0.11910678979317259,0.07246225219665604,0.0565169539373232,0.055041686286081595,0.05509497418853826,0.0643912546570726,0.06081047441911975,0.08347032100511048,0.08704338898233473,0.07822866845757241,0.06874730856496272,0.055368764547874004,0.07687622082418602,0.09301197412598433,0.06876279762334563,0.11586735085888239,0.09090705455233267,0.078496321484385,3.0
902,0.8713687013301807,0.35766951560358345,0.14572658421025375,0.08533242118362648,0.06845218946150064,0.05838801196449814,0.04604881365373445,0.04654893795374628,0.07422721637575432,0.07222444524328447,0.07482745151766093,0.04740879929047352,0.09590430252388996,0.112636873249944,0.06600743769690989,0.07196102406089448,0.0739626088867915,0.07464006967979664,0.061142175968231176,0.08435786323540925,3.0
903,0.9050658270820185,0.3121509895659956,0.16879902775602257,0.08867818204163203,0.07724428892438258,0.03752251029708204,0.036533557977082826,0.03476535901954948,0.111001923035602,0.06213474476701002,0.051766036066034485,0.036187945783151924,0.031163149378209593,0.03800265147303751,0.04541164210280511,0.049997100953110385,0.04860005274426764,0.05883115346978916,0.0582694856285996,0.027849772837916974,3.0
904,0.4969576737010237,0.2521989718483548,0.1958001282375882,0.19051999061105346,0.17475856933687556,0.17165070374989577,0.15073911318286662,0.39970888051480064,0.34401466629337174,0.3107060201613307,0.19028380838736844,0.1741192517475884,0.1273775702987624,0.14040529258655676,0.11816262537208541,0.11331346565856815,0.11374499038871966,0.08195893254481645,0.075395115868654,0.052997979204870434,3.0
905,0.539906664816214,0.2433419843091385,0.21987645764397598,0.17316764057353695,0.1682360318730284,0.14248908256023274,0.15805072497395356,0.37892599831605467,0.4227208261879374,0.24523666729096963,0.17431142235882846,0.12103992833660282,0.0922107687643772,0.10347225064354464,0.12159409134587344,0.10377016475785064,0.0998189948470695,0.06398934273428064,0.06904792866857958,0.07952041072327594,3.0
906,0.48558860074969434,0.28213351167228573,0.1934702629382107,0.2176134599900521,0.19200337593196068,0.19530533194393698,0.2273589587912414,0.3723002514798176,0.3737549658629468,0.24006729904580915,0.18227342780422381,0.1290135030075203,0.12848666721090612,0.11611778493666469,0.11640304878340915,0.09600342065962836,0.10492743698020886,0.09408742401080146,0.09264500018775297,0.07817943279077728,3.0
907,0.43730346744385723,0.3349793601373214,0.1956777095973185,0.2984392589850117,0.1850877762165108,0.16719932092510448,0.20264360665362208,0.3354811592197605,0.39109861185865485,0.26144538723275434,0.1606806447848321,0.11442706678523339,0.1132366660348601,0.1274651533688501,0.11094845461661863,0.09641526223252142,0.11974752129506157,0.1058230189287228,0.10134449175482721,0.08164506487736403,3.0
908,0.382167215276999,0.2748651459762006,0.27530649133248697,0.17497435789766494,0.18670270153449317,0.14612507089754223,0.2240276125718052,0.3211287609203663,0.41216658114285215,0.3433537858211725,0.20893084387554392,0.14008559539937127,0.13607293591549272,0.10824427160404006,0.11353347333074075,0.12382450990564983,0.11566003233054406,0.13004348487123754,0.13125982354943713,0.07377866795843684,3.0
909,0.40521810680961445,0.3493393383609073,0.3410139286726893,0.31275006329443134,0.2426345245700203,0.2023937666740726,0.25271029059588973,0.24826692142683818,0.24772679891243185,0.2644229192991154,0.17421298909965946,0.11704910222251376,0.15577570260453652,0.11969403720060838,0.104775802063601,0.09534581213003587,0.12329514177748475,0.10043366171596406,0.0851290869650836,0.08824796232573026,3.0
910,0.5823341452718557,0.2730713563166742,0.2494609630610659,0.1801001301027548,0.19736076667885769,0.16651526027222982,0.17287384547971194,0.276345795181964,0.28328093815291566,0.21973246040551264,0.23790952864384854,0.1961431933887764,0.12858932659674824,0.12879346949528214,0.11208006385080106,0.10517629075450927,0.10034113587650322,0.11055401771078605,0.10226049843692113,0.07498619794861308,3.0
911,0.5445953594961725,0.4174745716355456,0.2640658734666089,0.22030401796695492,0.20746841137166808,0.2281804626328909,0.20945941424443423,0.22360712793185994,0.22379871035361465,0.21921417456749603,0.1731826482800248,0.1589672809673479,0.10428044096554938,0.08766754804109408,0.11797078595441275,0.08331079461360337,0.09542860492071939,0.09525132492614838,0.07912781984822126,0.06798072301474296,3.0
912,0.48698688535463486,0.39572425489204005,0.324116750495408,0.2887910429562502,0.24848173355482162,0.1877151245019319,0.1792827539459646,0.17287866884669384,0.2503086973765385,0.2472606499410987,0.23083158716393118,0.14995664147256835,0.10836566843053302,0.09260623960178163,0.08880531152550117,0.10346550841149069,0.07146139926477348,0.0801635265407909,0.06762159410128017,0.06485409205857735,1.0
913,0.43228774166670275,0.3412846971356954,0.3500976122174075,0.3532869328158992,0.2991325363078143,0.1877268814437399,0.17623938248096016,0.2097926793876862,0.24934116745965698,0.1742324920226691,0.2114860535134745,0.1643417892571731,0.14040319370783097,0.12263529269695755,0.09888314015218162,0.09048289868135134,0.10326341679310252,0.09327372253732912,0.08491366442594976,0.07696374229818047,1.0
914,0.564647750463394,0.39602668015362025,0.37515175500441755,0.30129745244110745,0.21947258721097201,0.24256530991859332,0.17257621702995324,0.14685801261036455,0.17357710066947382,0.14975666162986082,0.11415233586175903,0.10267515882144336,0.09884233096950064,0.10906868571287053,0.08192093301975371,0.08345369648177248,0.08833373202174959,0.08386276454181704,0.06290277643001262,0.06479115693106426,1.0
915,0.44057492048177227,0.4295823180880885,0.40623447597120893,0.37648885778334984,0.20405197631836436,0.20435824625924326,0.1707156019662308,0.15943968025941818,0.2113683639442893,0.20061717298111412,0.15023331412458174,0.11296939822403196,0.10156315127163873,0.11324042388577557,0.08626469999726787,0.08117816987233775,0.07827516191004791,0.06841826678453326,0.06107709476147153,0.06821825241979736,1.0
916,0.5417022955087569,0.31153202240915,0.4046774755321495,0.3206931847339163,0.2188171342276827,0.21907586505977836,0.21643977932883499,0.1869359725313092,0.1836798481449947,0.19401132940148882,0.15640488201714342,0.1280698652750092,0.10004437817486121,0.0843956839028725,0.09080647331300262,0.09486509303882008,0.07323170179095316,0.06529920852456078,0.06439794947816858,0.06955788994129995,1.0
917,0.46294030495090194,0.4602872037027263,0.3687003306286983,0.273442833484633,0.250674605826309,0.2493548295488924,0.1709064499144187,0.21406748126261663,0.1508593172896729,0.1770474243749787,0.16948239188543066,0.13556674084908452,0.12507571648300922,0.11740575764429725,0.08403211488091353,0.09107363949963786,0.05968845477263661,0.07341856490854416,0.06461236927739762,0.06279334374159129,1.0
918,0.3827983361914501,0.43582632633972246,0.4642651212737281,0.34407093345749173,0.2831099829459993,0.17445743807855332,0.24427756853272398,0.15762694527259616,0.11672840642828652,0.1577217019262439,0.15405168587933188,0.13131147435853996,0.10073259158823462,0.08112338188593257,0.09495823434865454,0.095254994250627,0.07304020233779505,0.0752786275587362,0.07690947749107593,0.05725174400767914,1.0
919,0.3811300076870869,0.6035623008156509,0.30222838162066945,0.2811499133327985,0.22517216904969803,0.232503216985059,0.15896296090214054,0.15031348613826273,0.1561994697486025,0.20123583192019806,0.16216102416789016,0.09990507120575735,0.1165030313663986,0.10655670555962345,0.10661451137544305,0.10902976286238808,0.061539395414598706,0.07825049536595832,0.06045389629360688,0.06725980917695433,1.0
920,0.37902368579539875,0.39234762214202373,0.45063620626538475,0.33670129593400383,0.2152573251687613,0.16572196291321864,0.16764502907363554,0.17000720668885255,0.18467689459015596,0.21110334753535007,0.12599118395774098,0.1398744770693254,0.20248408465903683,0.2537059521350644,0.10113180189724007,0.08696168656159088,0.07552869989244243,0.06007040158141541,0.07090261826496398,0.059592855144005946,1.0
921,0.3439052553555664,0.48354523011803296,0.4060249834680441,0.3656922325907985,0.29125050302108463,0.1850564594025459,0.22023845535832898,0.23165524273348317,0.21806317969244257,0.12741067121520835,0.10646873051796052,0.10427903829669943,0.11860952014834761,0.06756137868564736,0.0880391916582705,0.07190026397368968,0.05781299912984049,0.053322224163628446,0.0542457512462684,0.037522859079921575,1.0
922,0.8245903591936927,0.24733570511576927,0.1263571661531489,0.13074886483955075,0.08228943283163195,0.09007657900352771,0.06517905067598025,0.0867326591274735,0.1028724025093746,0.10787074018627314,0.13856972810621648,0.1054674022843268,0.10153620739959601,0.13758083702069587,0.1113372722152973,0.15842713925282062,0.12182593218111983,0.13667683546111317,0.16977344727910734,0.1324237222329968,3.0
923,0.6080248064724907,0.37040538709951276,0.30203027504542435,0.24188773160624616,0.1850644960401733,0.1743084335877202,0.16137223499347308,0.1861395363495211,0.20275721934162852,0.15823942212110018,0.17335219550020353,0.12874083312653972,0.12124620738944497,0.13329344746192207,0.10639393648277315,0.11159018909161661,0.11277617224240849,0.1120226856057195,0.11061371503840306,0.10739805259085351,3.0
924,0.42144296068573833,0.4111706170178766,0.3036199097999262,0.23802046060432183,0.20622043089254857,0.21218246171746064,0.19368776966247458,0.2616863003052412,0.23757480977154907,0.2844315500156957,0.162195887113146,0.22009777581017756,0.11902168459076931,0.13123030284961426,0.13482823832891114,0.10949568915188317,0.09814772144240254,0.09418150634165294,0.1064591514494555,0.0863539273442621,3.0
925,0.5741415013700736,0.3580783983877967,0.29881939178345934,0.30164090515779013,0.22184690304993293,0.19592788407362471,0.1755581083646119,0.18036070535748872,0.1640216507669079,0.27686036392078295,0.11875836117817326,0.12965616348115794,0.12470685168523286,0.10256983994539873,0.10493807867880754,0.08086899508616666,0.08986378685898987,0.09677656128215294,0.09180126454609103,0.08333571810475841,1.0
926,0.5093120050964858,0.3689199121187337,0.3050045071717649,0.3092291216510827,0.24760081088331426,0.2118720543403098,0.20736162462996452,0.17124007168020822,0.2294240707122551,0.23468662400154938,0.200900100262471,0.14235774730537734,0.12182466844252832,0.10692971952654647,0.10048018225330332,0.08650259750843281,0.08481787848402395,0.07824269551945646,0.08233088140998576,0.07101200629701067,1.0
927,0.8160390690607287,0.3342236588233868,0.1457010918103822,0.13518858508504447,0.08263934108821488,0.08398394709658231,0.10547407796336883,0.11443595931676438,0.12592769129198755,0.12441975675422354,0.09561724439331999,0.10915165609210269,0.07889488072950765,0.10575992058367588,0.12624528403960897,0.14033300185455183,0.08140228273130948,0.11339239977824547,0.09244688233994611,0.10630572445641623,3.0
928,0.5389678522118193,0.41021716109517503,0.2842240085391362,0.2668824413115961,0.1841175355446846,0.1870454326186764,0.1886751287411582,0.2078425093019119,0.24479017050045226,0.16550800332229051,0.17350641865698457,0.13017687387655413,0.15188553225464035,0.13314329950605983,0.11518228717695189,0.11876072992124745,0.12432085320906999,0.09466534248594402,0.09093465449555563,0.07952721528951488,3.0
929,0.4658542197804186,0.43061679701379646,0.4028754655476926,0.32124430067810955,0.2786519352820329,0.17790369948032617,0.15015038313032575,0.21650763180470917,0.20146372698517195,0.1380984740495328,0.15884993228504482,0.13617981767098036,0.11055059226038115,0.09227882747847867,0.09179946470278715,0.07518795021788242,0.06358102878277525,0.07102883122548902,0.05663883773674474,0.052681196524941215,1.0
930,0.3631303041650546,0.3930238016200219,0.5348884143780932,0.38100510099866713,0.22624299687269517,0.16317845090862484,0.22985837777985618,0.1827381223787051,0.151870440469887,0.14945933535837094,0.14764695675651623,0.10469272143542437,0.09243085329670143,0.08007286627638124,0.08605760203529433,0.07089404068439562,0.05512431440140261,0.050331108383458424,0.0659318382381605,0.053741431388408464,1.0
931,0.4374695277153768,0.45642023473741333,0.3310058113961136,0.32589281700385425,0.19398682423910812,0.20083834851857324,0.17386903182743169,0.21722106310402697,0.19898262157312238,0.20447551763642188,0.14498511630354993,0.16203501180838514,0.18574135382026827,0.1779963913116455,0.09463420222541076,0.08119746265345267,0.07116048680344825,0.07887748370324386,0.058307076766886685,0.06364654004361182,1.0
932,0.7735020526084189,0.36799130093544913,0.22229639705441948,0.1537539792394538,0.11079533246662308,0.08289414687769815,0.11645205639571975,0.09658887818254146,0.09311875314006383,0.09466927442085103,0.1066039261496034,0.08865355146783835,0.10746088939516055,0.08045602983710569,0.10844256065533449,0.11078698576180115,0.10468593487769648,0.13449170748201214,0.1294085170860694,0.16272047319606325,1.0
933,0.5145768099009582,0.36230669696282924,0.2627900677809047,0.1897214516497775,0.16476232363535948,0.15337227194921638,0.1666939544563189,0.30142959689950627,0.3492767496490993,0.20064676455784786,0.1796983706564977,0.16655113378790914,0.11571515400568559,0.11572355658367112,0.12842014875311622,0.09951693687209824,0.12612816477976993,0.11351031289699916,0.13719532188646802,0.08061296386335368,3.0
934,0.49911604775639723,0.44394390164882497,0.4714036377043088,0.23658934725059974,0.19243528322815726,0.16159566286693475,0.16854686346258285,0.16727162746513344,0.21596190731581189,0.16162009607066127,0.12079068929024449,0.1251245462007773,0.09484570174417083,0.08262583912222973,0.07167859756193856,0.08631262600873739,0.08764759601800771,0.06888865733070097,0.0741785539025083,0.08198145138984125,3.0
935,0.9109837034042693,0.20654096975828623,0.18553806697250486,0.10084297218349209,0.0650621683149186,0.053205298885708685,0.05246970667968661,0.07772394485452384,0.1040434405542616,0.07020916170284325,0.07092772855245776,0.05626903209949721,0.06517758860311307,0.07116806145102608,0.08318992605203615,0.07687498569379038,0.08215261861583818,0.06884265726003536,0.072147114188975,0.0648818172622424,3.0
936,0.8147480618897395,0.45359629264087886,0.2063010249604141,0.151794774396139,0.09317331467035939,0.08585950238556411,0.0530929117129602,0.043282714511107656,0.054713370681591864,0.06179604735844424,0.03490083527902702,0.05258827071554346,0.05348206778681882,0.05114315254829022,0.07688337112523237,0.05694490835102805,0.06473261105007833,0.061783204991956664,0.059871864612150445,0.08408993836610866,3.0
937,0.8829794284576782,0.3363384897038074,0.18841010104958403,0.0692054889585967,0.05737291510593842,0.0522669551820221,0.06462046419092225,0.0772982030201558,0.10378049104928827,0.07627337541232199,0.05013627279822562,0.04564686320509079,0.035254594696033044,0.07545124488095031,0.07373983106288137,0.06432218081441059,0.05033224763296652,0.05175926770918219,0.0645925623089665,0.06067241744388138,3.0
938,0.562349322330302,0.2880754014315949,0.22435330126552117,0.20592025248196744,0.1715561199237429,0.16410053955081655,0.2181702416090806,0.19579011123207166,0.38341963674228885,0.2571683359786491,0.17415489694049796,0.14597341654014873,0.12813896966946725,0.10651549420022852,0.11500653141970985,0.1191421281335653,0.12484821420140017,0.10552382659769573,0.10908141262921407,0.08458011436970064,3.0
939,0.5499732158757739,0.3789393510036218,0.2244006620542311,0.1858702953589676,0.1137100270545163,0.15266857347524057,0.16082950572432317,0.1987300355672615,0.4079455202332339,0.2465855045707379,0.16449720447085095,0.14069768094836163,0.12656779325098516,0.12358377061064939,0.12359638630054132,0.10630617041493473,0.11047732530885601,0.10170831123135088,0.09727825505777372,0.05892501480557282,3.0
940,0.659813378915652,0.315221884355454,0.21109547985416827,0.22284616908691662,0.15749620279208332,0.1629780081933325,0.2708848827256234,0.21869132557401363,0.23154146202761663,0.1633387006820554,0.1321931941054631,0.12669561855388495,0.13674743790866056,0.09155589302056137,0.09556451053136794,0.09398010649107524,0.12603172114718297,0.09104668839729135,0.09443262432786022,0.08082299832455352,3.0
941,0.5154876392752777,0.3525121781483589,0.26047929060403874,0.2195043459005495,0.21038933092843962,0.15555516424888688,0.22919762291259357,0.25679826387229004,0.28061455949429753,0.2736570325484292,0.19695722899057522,0.14784910977316096,0.11113697010988048,0.10550474987208824,0.13503434927432334,0.1288512098919436,0.11674295729474753,0.09375301756918122,0.07882457085362556,0.07617349713957935,3.0
942,0.5630294748399256,0.40392651288858433,0.30379151504568935,0.21365437596052533,0.22429016825113757,0.1763025625033582,0.18886927725954475,0.14559552852548324,0.23644149606619005,0.18471656177163565,0.21376313081862613,0.1565500092656977,0.14884448671578188,0.09963099640529403,0.10881576145861598,0.10566213715043099,0.09770070655093147,0.07717956579629547,0.07675383573329134,0.08329682706029991,3.0
943,0.631321608294469,0.3078548251608248,0.26711895662694435,0.2786392311667344,0.20158145820964082,0.2423897913274234,0.1990694705673486,0.12623498496580904,0.19407899329663036,0.16064802695242297,0.1673265161127314,0.12438997393431199,0.1539065574935325,0.12621714050380767,0.11573487571033278,0.1109817711923228,0.09177955132014654,0.08985717026887563,0.09533598682135087,0.06966006274708168,3.0
944,0.4480573705553144,0.5134039618362518,0.3358990080801918,0.2784109692766775,0.23251987418164669,0.21686899473424218,0.18797132257871602,0.14957863095026636,0.17616736896380056,0.19578205846601526,0.14881363067246497,0.128805257012502,0.1297630776233566,0.11363323079272382,0.08642873619941799,0.1069509821963756,0.09075849072104344,0.08316959076165954,0.09623891426897246,0.07306195122811478,1.0
945,0.4226146629781247,0.4167989313451837,0.43855106107175545,0.32121689274335213,0.2143300193862719,0.1788560586041052,0.235056166610805,0.1735833423351249,0.17169440832372648,0.20971947447623804,0.15104805334617033,0.1101743656733869,0.1137308097600208,0.13390217085063388,0.10877895756471145,0.1212988958380229,0.09166464393491532,0.06396057648141502,0.0687682951007706,0.07622598652307234,1.0
946,0.4819832006260999,0.44117558634841125,0.38552693373235813,0.34296336130577354,0.18726820051669946,0.1781308170206754,0.1909527100789847,0.16117216263208703,0.21050203642294874,0.15558353423332225,0.15057442425425122,0.1376691579578007,0.10577023287524638,0.15708703131473098,0.07453774708342213,0.08647878557056113,0.07991889421285155,0.07032582774866598,0.05814389382713464,0.06170613091856019,1.0
947,0.4303598764066593,0.32699670807239145,0.32758627608016266,0.26458408124353433,0.2611577973471363,0.23454342926967134,0.2459499426893556,0.2552455819199507,0.2627911269542727,0.20421334875101135,0.19359192212989534,0.18710514649872112,0.14826352229861503,0.09716533953744691,0.1114248462454733,0.13138849401957908,0.10512762688451197,0.1129045039273896,0.079927387787721,0.08457335295772513,1.0
948,0.5078066587480612,0.47689691713986027,0.31994864468306605,0.2856075432716739,0.22857819484601877,0.18360582668693967,0.14299987682702497,0.18334825246038117,0.18190884151907608,0.18167489636905634,0.1454771153661199,0.1706624777727593,0.11192831520237691,0.1150755966315353,0.1130406949826666,0.08787566782599456,0.07901968992616444,0.08996945606714753,0.08955565175220256,0.07564996991307515,1.0
949,0.6109934439868105,0.3235015214927944,0.2708862661169612,0.1987537082482355,0.21059399544198204,0.2207518135235444,0.16228676814149445,0.16106206537395576,0.30503220243004897,0.21013648944607433,0.1621954094547738,0.13325065575192246,0.11175097882806653,0.11209754277254168,0.11350033837820028,0.09082674110459167,0.09001124605728131,0.10393411394266963,0.09042375080399444,0.09623083243484293,1.0
950,0.38931713288421216,0.4393134914322555,0.4159516905342933,0.30566323609988855,0.27359404554871597,0.2276136496801929,0.22450114561131285,0.17503514975951245,0.1909973734539988,0.2119782550776734,0.13309174366686163,0.12241117979750583,0.12767828742090928,0.08977206533155596,0.11500474050303258,0.07906664688749737,0.08084548870634084,0.07723212059690528,0.08580531493254123,0.05895620750250283,1.0
951,0.43760621962761836,0.444184481641999,0.3605933077578542,0.26879982355580934,0.23917044729506662,0.21632610148731335,0.1769317383700202,0.25853814600053093,0.17126620976249668,0.2133796351686891,0.16457048411144728,0.15805931200464843,0.1299808758718491,0.11210529327723331,0.10060967350981762,0.10633046055887503,0.09735085712498551,0.09128188107295215,0.0689952166088061,0.07989732881229625,1.0
952,0.38298921461031615,0.49263308138186446,0.44344964096461237,0.3698728467844364,0.2310332141754393,0.16208403000290927,0.2153024706534329,0.1641434175359415,0.17717625203399975,0.1486574229082162,0.12351270256847864,0.10645328183856469,0.0947079379786007,0.10633836379533164,0.070224356828904,0.07673061090102949,0.06583678647085432,0.046526176508682474,0.053952283067565165,0.06039834833929203,1.0
953,0.5627808146032824,0.38542174545569263,0.3059848439205279,0.2971788120900233,0.24845917893103428,0.15678491576464731,0.18714068123480876,0.15762416419373357,0.14512778693722075,0.16027475264633123,0.13862855798259616,0.16474628149324488,0.21828168242189339,0.17502199103605845,0.09721645885173871,0.08288857917991885,0.06852156216904792,0.06703588731374774,0.0700920352687293,0.06923176074658925,1.0
954,0.9480158059742678,0.22811388938527927,0.13557081323819825,0.06423372080512249,0.04978750215608511,0.045553150281594006,0.04510165214937012,0.03511577367454307,0.030990083314280156,0.033092300354828054,0.03558753860705044,0.03542230580676995,0.040765917529708595,0.04230296395883167,0.04293664104829123,0.04538927015356838,0.039900387309017606,0.03889960430056256,0.03751503145702304,0.04958900679572168,3.0
955,0.357960758934995,0.42009488113123555,0.2879393428685179,0.3358639767913973,0.26585951100247174,0.25637206979986477,0.2135259965063823,0.22818667752765234,0.14685842068696575,0.19734439912011625,0.2455045814420747,0.1480736874851254,0.1475905685564972,0.1531247993842035,0.10705465821835317,0.10443575598300905,0.0893100310236745,0.10547091596330292,0.11361563877970092,0.15258814121620085,3.0
956,0.3476909533617383,0.35706693811693646,0.3799389486438703,0.3384219672714305,0.21244856925508337,0.3110020764850276,0.22051264601699774,0.2513385726088152,0.21942248363977437,0.1945986297770406,0.13765377251975433,0.14909875164935815,0.12612174726227426,0.12400132506969927,0.1421612280144584,0.11200432665890935,0.11163591963111812,0.11005935428798934,0.11527213977288849,0.09991302690968637,1.0
957,0.5316631198235022,0.5674349235723731,0.3083743693016923,0.18672313426196813,0.16158421680734128,0.1553515294929486,0.1801463696727151,0.1837430370200592,0.16868311206782097,0.16171033311091598,0.13100859694894473,0.1323619144466352,0.11963979538537503,0.09148681305392835,0.0686250376593584,0.07568670715845575,0.08553109095639219,0.08832333920403822,0.07661101282802789,0.0744278706433191,1.0
958,0.4854499473244628,0.39063436880787905,0.3949162064079577,0.29818032799194083,0.22615147702731497,0.22483500990653307,0.17988013421110335,0.20623086136940633,0.19221157433089736,0.16407849869196228,0.1608333147204143,0.14230962726773622,0.12736707873101671,0.11128687119330372,0.11334593677809485,0.10521175739445607,0.09259783700516523,0.09579777076288323,0.07248325019312846,0.06909225425683149,1.0
959,0.5034745393179205,0.4046347564347374,0.32683120090556156,0.22315915550622,0.19535148260306734,0.1827223149118589,0.2339186145845303,0.23426117376052463,0.21848028517264523,0.1653175714371241,0.172331634768572,0.12969403665068122,0.19885849755893187,0.2279556979492917,0.07065764922539369,0.08227998302977511,0.07643359670781597,0.07084404116773584,0.07041370791132863,0.06593377990527909,1.0
960,0.5390404403872693,0.3561376952441351,0.4028672109879504,0.3184059884447801,0.24775181141286345,0.15956015520321276,0.17215472161851553,0.14556767802062792,0.17883043708041513,0.2006116825748895,0.14504817582322688,0.14572045185911608,0.11325847838910764,0.09237588233302876,0.10512715650890157,0.10405166985811971,0.09556051941721497,0.06415628469411945,0.06649249635732715,0.0764345276672778,1.0
961,0.5506960454792503,0.3798909109730057,0.2948826654325578,0.23749683167746677,0.20297492816303797,0.23547550036319856,0.21357129643086017,0.22181260821247767,0.23531935032613613,0.1809903925664467,0.14303193170360298,0.15206491410279546,0.13339630669003674,0.12339954440872816,0.104543196505036,0.11295033356157273,0.08632644425115475,0.09980514177286373,0.0794284747814813,0.07381931284039463,1.0
962,0.4584060212897555,0.4113329197171495,0.37108081458878817,0.3088632590293541,0.27710076031969705,0.16922696855700714,0.2277884123518864,0.20870406696615762,0.1711086216093021,0.18897965800836988,0.143013732966148,0.1703158982647527,0.12592324382620418,0.13799393731303344,0.12431403148474077,0.07657184296407361,0.07885515396452977,0.0513746893166735,0.054891661637509394,0.06453998556323308,1.0
963,0.43207881029327483,0.4627872195800977,0.417378185039788,0.3603654296351365,0.25159247322146916,0.21459281010452091,0.1702020655165875,0.14560164206120035,0.16705142415164728,0.14525751664060418,0.11977584957958864,0.10802678842301261,0.10091237988206882,0.12293950757072038,0.08900632859906493,0.091391152088123,0.07616114232074774,0.06963097477659008,0.06156324601274388,0.06721442995172643,1.0
964,0.41234552127482804,0.42005543761015307,0.3563953221719871,0.24652754919576284,0.2605403433058512,0.2484483558820581,0.24167907457953594,0.2483238463395092,0.22710018310587463,0.1816513523115193,0.15317324986019173,0.1532949186489898,0.12397932218237148,0.11293033418646527,0.1277667518446055,0.11235983938745074,0.09213360518613516,0.08907605863733002,0.0722490415857046,0.07616046487688176,1.0
965,0.48374518964069474,0.5001023556100496,0.3258395709179664,0.2647217740762252,0.26999546153623527,0.15064284730700778,0.1964959453928042,0.16148947805591932,0.20362549342601358,0.18467291347889514,0.15052476068834153,0.14262699263520087,0.12325165870682164,0.092470170387143,0.09302472597316518,0.09571200903477264,0.07631453210127982,0.0717843222455555,0.06912222014613256,0.05899489545448102,1.0
966,0.4064796149386617,0.5795853227282537,0.4658666829684842,0.24269095745088445,0.16313353080009108,0.1700312714554656,0.15974140252696686,0.14264696852295403,0.12455412060566463,0.15611320340836027,0.137079095986188,0.11441597470617018,0.0870000303909884,0.1403314070216769,0.08181874392774992,0.06511766554207846,0.06412888760727511,0.058186065074148335,0.0465030185292804,0.04372538435372743,1.0
967,0.494573321364714,0.4289473641892912,0.46950875284071647,0.28362631644564196,0.2613888281269684,0.17668446460117143,0.14495845041295052,0.1418520403033023,0.11243453969677794,0.12355703118904617,0.13062222447071212,0.12954641941504516,0.11981153549474093,0.11444761149645803,0.1059892501008984,0.09494839205105701,0.0772967669556849,0.07403208188041653,0.07026814639751275,0.06320698675819897,1.0
968,0.5801671523111613,0.5199305104554727,0.3002676664692511,0.2536526740922097,0.21346199450736386,0.1915778432167692,0.1396129807568158,0.15014926767043513,0.17752074183928168,0.159754921338449,0.11903167874578782,0.08546266893609139,0.09634725573946619,0.08385921713849151,0.06686384274362689,0.06524699123915054,0.052484897875997125,0.05354827999721784,0.04493385854969459,0.055510469515171905,1.0
969,0.5243826545862296,0.4246119498153939,0.35158430488428505,0.2760119177393849,0.23788428781743287,0.2190047007498095,0.1942833635344611,0.1579595111036948,0.17863092468424777,0.2038345974420393,0.1432880320112214,0.136051632305707,0.0987389976457915,0.10722612125738394,0.10852453971489516,0.09243648492177566,0.09138772736379162,0.0742690989954588,0.056893470999993194,0.0806953869329453,1.0
970,0.6196399221549367,0.3645181192971485,0.3374803955889953,0.266491729333946,0.2631724771961244,0.2110888318462069,0.16655434115130005,0.15634139893998591,0.1650184053268324,0.16232525025361544,0.1337288614119444,0.1035209650480203,0.09149307783564486,0.09452729347494197,0.08202027492662904,0.07768680767121543,0.06573864201919115,0.0775620760026995,0.0757478060629482,0.06273855797697618,1.0
971,0.47458121572706286,0.38838070541069575,0.36772116655172316,0.25679934842934793,0.2739080792953716,0.2382801913664343,0.20643820361556722,0.22022973155113593,0.19719896767900597,0.1752223392713085,0.1519139810402636,0.13505102817044268,0.1173220202268445,0.12326089976077678,0.1190505436953059,0.11411613986598515,0.1103184476497165,0.08598965701025887,0.08344439319790982,0.07911931354780175,1.0
972,0.6403781341215475,0.3179144528029001,0.2949938333857923,0.22724898046114267,0.17224721402867688,0.15777966788826495,0.2089121753763668,0.16682187838653184,0.22056024214160475,0.12795073652771438,0.15195841604343405,0.14419854067030763,0.15439315495372896,0.08547678449410459,0.13066652150800784,0.13838739074836365,0.09274144807015679,0.12680352037263476,0.12220165067651183,0.0908897290215161,1.0
973,0.4853585379286691,0.4239756188116367,0.365065428115521,0.2815233745518696,0.30146436666335125,0.20738605943886854,0.1730991657373249,0.15552695125739116,0.15987503037942255,0.21305302048543773,0.17545618416951392,0.15257096784360194,0.09639923710717373,0.08016025174553626,0.08636302932763389,0.09721759475071641,0.0835375808775033,0.09223417845413166,0.08417814353114011,0.062350302929605445,2.0
974,0.7069648173342854,0.4703151932170381,0.2983652327096044,0.18821083931333388,0.12655118157658335,0.13450835955368526,0.10044854953993335,0.14011437109288885,0.09694478744683002,0.11741239020009367,0.10928581962434487,0.11457410124416938,0.10777880450204491,0.08555757446584752,0.08134456003075774,0.06011572191721152,0.06024957118722194,0.059150133213280595,0.05682723243502605,0.05431131680832152,2.0
975,0.6176622517850916,0.31982709759186617,0.25902638793232285,0.20708888367730124,0.1893146143412669,0.21500851059034937,0.2337113333534144,0.22274083170939896,0.24487899088765827,0.2182553342678341,0.16085065098080215,0.15835784327423297,0.0992225002184757,0.10744154616340275,0.09995994605862837,0.0945102775711612,0.08536626277521354,0.07671909007815088,0.06578610490477232,0.059624610376534604,2.0
976,0.4744108483354095,0.44102128887811215,0.24693239303928355,0.334853575231352,0.24227661853748475,0.2582952528443581,0.23323391220580755,0.15106142280751336,0.1975428674431455,0.19221885169682482,0.15950178490769515,0.14158442618951553,0.12852992674310518,0.09834937062129727,0.13194313222134385,0.09575515359549278,0.10575827061490639,0.08108293584191718,0.06557013926309053,0.09171978527004723,2.0
977,0.6711840888906385,0.44133176808634633,0.3171813258050284,0.2040566219212325,0.20144779548421926,0.14021278435764783,0.16190150477828588,0.1460559060082487,0.13858842991860076,0.1286104259661281,0.10209885084844686,0.11314438206772957,0.0815169002885268,0.08158468186081645,0.08467589946664557,0.07373461103440193,0.07805922441963505,0.0761221390282425,0.061797026315545546,0.06420315002594985,2.0
978,0.4755056703877589,0.4089243877878356,0.320147004719385,0.3054420257605982,0.23590555201713959,0.26880434281734705,0.17681222379087883,0.1742990591633558,0.20866568339665553,0.14898348459914568,0.21261125778406967,0.13292003256716833,0.11828106727486422,0.11944774345415092,0.14032787721232456,0.11819156512830926,0.09456921127264568,0.08579725902162827,0.06807020413194688,0.0993489729119115,2.0
979,0.6483399421817978,0.38508193189832063,0.33677893113551294,0.22657210291910856,0.2248881269246737,0.16472495075813479,0.14555930661521277,0.14615316231111505,0.1622691042588256,0.11553555567241852,0.15628708860981877,0.12940034164731848,0.11312967508926294,0.09288603974427284,0.103115350724419,0.08399132570350497,0.09490179306807403,0.09207241371730172,0.07070208130707989,0.0625241535190687,2.0
980,0.640509263241099,0.3957000004644886,0.3756796994898023,0.2693265080840934,0.1472640612368808,0.14255117387628907,0.15077215967194224,0.10995685638170125,0.13381399360133642,0.1397394093362185,0.14699437241278132,0.11879427834481203,0.11269785537030454,0.10083061855988623,0.0945107029054432,0.1048780321413046,0.08873740318718255,0.08084264333686665,0.08625914822009138,0.06974657540758887,2.0
981,0.5974020700358863,0.5190721705034457,0.2845239041329799,0.21490606013030286,0.21345065289630555,0.16676618188730924,0.11798061257553791,0.1431234341201169,0.12063605562346216,0.13012465439053175,0.14904502967639088,0.1308836028720547,0.10441492265101039,0.10450966143873826,0.10620014595877972,0.0945786006575259,0.09481973365571726,0.08217823542847616,0.07454263967529448,0.06768381906605242,2.0
982,0.6292131858184761,0.36397199346783904,0.37120009203175836,0.27852298268307196,0.18494763088276026,0.20527147378737898,0.15781560283820548,0.1491456863750621,0.15933426698793543,0.142501756538992,0.14189610641875885,0.10524768646948084,0.10581587425873454,0.07294812285822376,0.0970911671332113,0.08671171041055174,0.07577200452900919,0.0906620940178304,0.06268058116386602,0.06707264604182223,2.0
983,0.6218367769295586,0.4335409260782871,0.2564222402660538,0.2744063151342764,0.13471069222010965,0.1536691590700704,0.15372545779109917,0.20612894871498838,0.1848820877268436,0.18978071701253227,0.14177788092315535,0.1514530943948609,0.11763737432081392,0.09138272175040549,0.09647465423820248,0.08475640901745053,0.09845058838810757,0.08141373392311668,0.06571931817196129,0.0622176612756287,2.0
984,0.9460177901168729,0.21574380711656052,0.08288282987913496,0.07127988289451834,0.05047207921066318,0.04331004320929071,0.04720091361738135,0.09118927455808805,0.06323595176991412,0.059505201199632235,0.046402783919599525,0.036211734723479445,0.04328750169613201,0.04148394410356977,0.04891337954865627,0.04966177762093319,0.05800368712133378,0.051303229843229305,0.059009719179868456,0.05149436489434755,3.0
985,0.5661264755769182,0.2738549349283504,0.26216989275363806,0.20964855898964932,0.19419828414644863,0.20759487078404285,0.1820892602489378,0.2835725814709988,0.2820995186688068,0.22963707287038213,0.1913439358595031,0.16283063500019476,0.1050075823880036,0.1137391290911649,0.11975005816668997,0.12932025269948805,0.1337634953194499,0.09498416933343043,0.10859518651853925,0.09091753892359652,3.0
986,0.5297706693773733,0.38185812612303577,0.27510536643865346,0.218095127961667,0.1949922551770162,0.22260271709129817,0.18302850682261357,0.19640424003406518,0.22398600413108677,0.25330031423461064,0.19758984290770387,0.18667945610739486,0.13204587442068794,0.11594741337869506,0.11724740475187861,0.12333538529531106,0.11156530774258398,0.08982176947633301,0.11626749422405044,0.09240034130639596,3.0
987,0.5301714609679111,0.35468014068174114,0.28980534146974285,0.20415913921493797,0.22082708793716474,0.21004155856811776,0.184050404898494,0.19692513468737335,0.2603467459295269,0.24314279182215764,0.1420828527141487,0.14365763278246105,0.13499478441687618,0.14634185673168426,0.15810961429966294,0.11147217397017799,0.13411842522331677,0.11855444051186562,0.10985040726674919,0.11409586626984644,3.0
988,0.6753883602438491,0.30049871531282585,0.24756869476424478,0.15088888248782398,0.129510481745772,0.1874210373104902,0.16183416278395177,0.20523806517959517,0.27050433001904917,0.2052373120708864,0.16148720136657382,0.12953463304941107,0.11641142296957371,0.11923636405312563,0.09762264315243749,0.08569312637139297,0.1217578137306097,0.10623879141389819,0.11067924333859835,0.09013630972388453,3.0
989,0.5972601897151022,0.2903329814057694,0.18571795986243575,0.23643822045427498,0.1510723916193131,0.17131648050358209,0.20419659283317906,0.27287785208918097,0.31787046664242363,0.2290446891740165,0.15486203011482652,0.13788324734384694,0.14109799461087133,0.13419302744669978,0.11419586372300136,0.1342175326896697,0.10388849090897291,0.10417610122751962,0.07198152056572785,0.08925606331828001,3.0
990,0.6107270379560612,0.3166679548195859,0.273465519720134,0.20851796712003182,0.1978763170428665,0.2123322333752184,0.1955221078423662,0.17989583873165196,0.2168548536016873,0.21327897660966075,0.17047240060884156,0.17217862840687634,0.15345311354372934,0.11413632893783107,0.1133652862781017,0.11480261313694777,0.09697820366237604,0.10905609113714755,0.10891335310126497,0.08156383208676633,3.0
991,0.5246915419158584,0.2916165563753781,0.2167531821608555,0.20749872007182343,0.16924784296944953,0.18545438728418764,0.1870218663097189,0.19671290456319646,0.4136659639834436,0.24583221077504783,0.1673051247896562,0.19155644572392194,0.1297143447967673,0.18128108730067136,0.09601005763750135,0.13012656464231825,0.12073095766974799,0.11060337472646432,0.09456836066752088,0.07127395067357514,3.0
992,0.5656329953103533,0.3453282553262118,0.22593242920844814,0.1937524619005771,0.23258750693731467,0.20876591626467725,0.2144099804301072,0.24474610973222147,0.2937103366170527,0.1781019421943145,0.13238443228799798,0.17279115150784177,0.13026366363858707,0.12850939767422687,0.13653996983739666,0.1334641776281018,0.09698527165604846,0.1028279946851633,0.09633101861875222,0.06405272772097478,3.0
993,0.6887618056795243,0.31693752968558236,0.26416423752150964,0.20515332370735576,0.19486454782833804,0.1794365758271219,0.22775658908951688,0.19531357494524695,0.16369280034478523,0.14413853791935063,0.13890711019445848,0.10433229895105718,0.1271684333354894,0.11574226572918506,0.08094768904015552,0.09881105352779565,0.09492367098032552,0.08086526786482712,0.084502445321623,0.08228459977879017,1.0
994,0.47821099411448015,0.44985391144335213,0.35186968066376406,0.2398041809497605,0.23578025906482417,0.2109338866442852,0.21793775469050333,0.166483031789374,0.1646480662005912,0.19994156680967037,0.20813326236584231,0.1297854215460558,0.11727520125913853,0.11890678005778546,0.10799899057833351,0.10586255839928889,0.1173484609286422,0.06926892843912312,0.09405071273766719,0.08307718763478077,1.0
995,0.5292914940431448,0.29631165529869513,0.23674829198975758,0.23648651834171402,0.21307890951669994,0.20176862627774464,0.22674222689437432,0.3341864658616353,0.25108918798099067,0.20131234086734034,0.1739063661535719,0.14415242654878627,0.15941743131539682,0.1330851526447692,0.1120319551580185,0.10480384620350787,0.11466512853828463,0.11004669850100222,0.11360745762966512,0.10699098523817285,1.0
996,0.6424207588376264,0.3566834751148715,0.34623215777764055,0.2259401243137648,0.1682923503619467,0.1668838636782676,0.2246492788528408,0.17759260805962107,0.1516923143112835,0.18728324782288286,0.14611787242713428,0.12366176986944283,0.08085178662717775,0.09185789886677305,0.1006873641008763,0.08772236014500795,0.09478979420563874,0.08095288685789814,0.06663516102974504,0.05876092881671513,1.0
997,0.37677071505915205,0.6207171833487791,0.4262764670126536,0.24359940040597677,0.19499210953148197,0.10649777830329664,0.14332642991950648,0.13075786898662817,0.15399783211279813,0.16025366865593926,0.1419492432727557,0.11807046134290508,0.1375636676714384,0.10090920863260543,0.09755468229558928,0.07459347354132244,0.07649469855885695,0.07288558599468986,0.05399901831657976,0.0542582707797951,1.0
998,0.5503451646090989,0.28378138317054763,0.33914202396701176,0.28361188666018883,0.20024149815423442,0.1859719568845161,0.20695640073941995,0.37464903434282576,0.19802734300499208,0.13409276790117108,0.15834563427668175,0.11621868871573879,0.13407899219986955,0.10241894521991034,0.10007618578345423,0.08977356705342825,0.07171014312961393,0.09081863590734894,0.0571857981765634,0.06544061863534568,1.0
999,0.43722876081275663,0.44986048883642377,0.3850944265589699,0.2754756984833826,0.2872664736800176,0.2043209379850982,0.1928452039927337,0.20177864444338645,0.16900642351482262,0.21919950616138117,0.14387675110371917,0.13945108569543335,0.09693710469620594,0.10787059624650672,0.1135770167583839,0.07951036383167864,0.07553873937063475,0.07425484679105164,0.08149752113860416,0.07227761382701497,2.0
1000,0.44332348940802374,0.3881704872372089,0.4653147396664381,0.35963108815629574,0.23161107862392033,0.22103785064847484,0.16742374236297136,0.20358085127727152,0.15253363705942274,0.14792848722633817,0.13362299465713157,0.11315786824414592,0.1171801976985665,0.12191582844219599,0.08671864559752411,0.0772354453139151,0.06514507062186264,0.061167706070052716,0.0680171216930138,0.06676358265611952,2.0
1001,0.5937629427680337,0.41668569055539934,0.38475208612371287,0.28692934125369873,0.20376750482440834,0.18743816012633477,0.17729234830450222,0.15540620228091342,0.14639147733267718,0.1302370554413181,0.11756538959381246,0.11114306185295077,0.10124358985041187,0.09324811443974342,0.086085542032286,0.07211140728804974,0.06633226575512728,0.07105777917031592,0.04898722228824523,0.056976586783910314,2.0
1002,0.6040377595881652,0.32588803222832813,0.4330573789380178,0.29620408653754826,0.168585558656059,0.17120549104610666,0.19613199006675786,0.14599829029259614,0.1288721484530421,0.1133168327466243,0.12676473020139148,0.13836575188518996,0.11866884077967306,0.09672161242826197,0.09255902994707634,0.10160203505515665,0.1016787502806122,0.07339295579897293,0.0843011222465765,0.07950945632712775,2.0
1003,0.6888569500621381,0.4242669500353889,0.28539641002579264,0.1784985669340741,0.18031229230852958,0.16726202730283346,0.16069382780521874,0.15941651348634225,0.1126867840196844,0.148205500409397,0.12248781200872651,0.1090685747146421,0.09911575712711523,0.1021836329075377,0.08066574250927082,0.08286618381389245,0.09536154882589988,0.078104624576058,0.0721558844969555,0.06952226446847186,2.0
1004,0.6204174819754092,0.36151113263081286,0.342991616301579,0.29473020659137406,0.1482246498489365,0.1349628538862059,0.14900512400370794,0.169323005133196,0.20912278535095707,0.14630081462504524,0.16484324554220567,0.15588484712246126,0.11604721034605467,0.1273205432694301,0.09620425260839198,0.09155070557267547,0.08776840366597777,0.06695470337338734,0.0695176384241129,0.0887780272455883,2.0
1005,0.6651924440270074,0.5116919881179991,0.3570122857257765,0.20314411003806362,0.12053527267442583,0.14371330281667524,0.11523188514191827,0.10274547054644913,0.1057328894566287,0.10950598008964708,0.09103814018793491,0.08380613962950677,0.07888200833701398,0.05829139492818135,0.0648206271540323,0.06900363120995728,0.06020819740208245,0.06063282722457226,0.03838356058760122,0.045904060692572385,2.0
1006,0.5746734729434674,0.392904529125042,0.42715857290431825,0.3093117774079018,0.156857391066073,0.1624071008649565,0.17822264218461664,0.1433559648211734,0.14796323051150756,0.1493369042569665,0.12991323608449892,0.11531025538649746,0.10537727737662267,0.09569504615669608,0.09973602761079704,0.10668505701490735,0.07405250819130858,0.07493072060427501,0.06146416611090471,0.05574949308769682,2.0
1007,0.5586918599608576,0.39033447803171745,0.361113990082178,0.34570158090953695,0.20514892343757093,0.19776457716132043,0.18256903942970532,0.1491160158156428,0.1452813990888281,0.1601554779461067,0.13629304808839762,0.12779176727806538,0.11673894682603196,0.10149748073670578,0.08871278360535087,0.09879557607921309,0.08680945100015265,0.09064977385500224,0.07484047432852173,0.0651763692553607,2.0
1008,0.49804289152613473,0.5514012416160112,0.19716917798317654,0.2795926013425029,0.277127611884785,0.2816576000591791,0.12243568242803962,0.18143111793415498,0.15278144258401444,0.17518835750474454,0.11563960141096112,0.10323687635499323,0.08935727885461485,0.07621448441199608,0.08993009909892896,0.09384307810299145,0.07351426731166813,0.062396073555788134,0.07023176858247102,0.061990660802484006,2.0
1009,0.6274010206339363,0.40414875328257244,0.24259433403426164,0.2579191940138821,0.17816948561638957,0.16553111022602263,0.14912213011668565,0.15132464736810308,0.17451393115094938,0.18458005695400623,0.19101540076128978,0.12900745696249905,0.1360631420421116,0.09644083177820742,0.1095297028331926,0.10218362411420347,0.13093115235995234,0.11241246245595625,0.0792149835859914,0.09702798548301872,2.0
1010,0.6066085729343065,0.4345685479750651,0.3152273204331147,0.28764057538106697,0.2019466126281888,0.12737936803064415,0.14110232505932754,0.14799424627626745,0.1618581921501443,0.17182440003654045,0.1293498836475619,0.12145793467787136,0.12646886738447474,0.11531696479036915,0.10217850805076628,0.09857808478234814,0.09468145548660523,0.07942567121769907,0.08149060040847315,0.06067482147867685,2.0
1011,0.7154989079615841,0.29357206731958363,0.3064653853651369,0.24553369240533535,0.19321689140940132,0.1879348458658511,0.15151509642006852,0.12773987752531665,0.1247449458203429,0.1447147906939309,0.1377504679744902,0.1462020243424697,0.09783896249336954,0.09439989081534125,0.08961238746905295,0.10058830082821349,0.07922768777631331,0.08512192073925443,0.06889334955367843,0.06314434303615299,2.0
1012,0.4791967446666448,0.4070925397160018,0.34096994757545096,0.30560339951506293,0.2151178665836628,0.19789755800763936,0.16250739333608788,0.22325962103762909,0.24025722659287355,0.20929215061344664,0.1672959950504754,0.14142314048459695,0.13916853721541778,0.10689578370295735,0.1046874317655301,0.1161956629449762,0.08059786379548725,0.0985484447629991,0.07127930934987223,0.0850900910862234,2.0
1013,0.6759709163579101,0.3925348943585918,0.26695736401961606,0.2522475358630932,0.1656884149607864,0.1948324198028722,0.14605492094194733,0.1181672618367359,0.1519222928619152,0.14779498568320626,0.1669111881857012,0.12885325444094464,0.10376342263599227,0.08761960031559128,0.11615285296562354,0.09965115054794287,0.08191117823356737,0.07879026346801238,0.07046719745758402,0.06512803009639669,2.0
1014,0.7036524438171223,0.3056332601878918,0.29716245599003743,0.2653204422552096,0.13758627026374518,0.1942368347114542,0.18198527417896654,0.12833115206218493,0.1516388154677976,0.18754587992922286,0.12371309342828603,0.09032080012888663,0.12948897736227544,0.09299267475726727,0.09858006285644128,0.08460779553562615,0.08527975513165229,0.08218948149401405,0.06910146661270872,0.06156920654134907,2.0
1015,0.7481300115354004,0.2771379659724902,0.3624081793453524,0.25403804797726554,0.17262765431509014,0.16654697981652006,0.15099625653056753,0.10780021719084816,0.10095533426721161,0.12318066647593907,0.09196543317569927,0.08170460969417945,0.07486231589020058,0.07321678240631373,0.07736499224372818,0.05791383975271251,0.06532514277700922,0.06896009601325978,0.054991714697893435,0.05302771972931956,2.0
1016,0.9228584519827201,0.3110322996429261,0.14728241373278578,0.066767637224218,0.045341678122366655,0.03773811268460632,0.03718813489233191,0.045660344698009704,0.04490988659690102,0.03859492886690216,0.025341863099550138,0.029479778621955305,0.03718885547695259,0.03184161013632867,0.043287950041932706,0.03772123756475704,0.04843635535850844,0.029296945418549887,0.04840271527649063,0.04727278646332642,3.0
1017,0.5511633823464125,0.3223767803552199,0.28981893611033077,0.2345503803966131,0.2415968791899138,0.1825578089334831,0.16190156396592004,0.24411963114047697,0.23899613065482198,0.2422482933114901,0.17655583879562461,0.1495011752319104,0.13569032787629282,0.1223246932962819,0.12410583990679226,0.10086798502692437,0.10559516355794954,0.12511227461542673,0.11393452546828732,0.08785255395199826,2.0
